Instant,Datedaytime,Season,Year,Month,Holiday,Weekday,Workingday,Weathersit,Temperature,Temperature Celcius,ATemperature,ATemperature Celcius,Humidity,Windspeed,Casual,Registered,Count
1,2011-01-01,Spring,2011,1,0,Saturday,0,2,0.344167,14.110847,0.363625,18.18125,0.805833,0.160446,331,654,985
2,2011-01-02,Spring,2011,1,0,Sunday,0,2,0.363478,14.902598000000001,0.353739,17.686950000000003,0.696087,0.248539,131,670,801
3,2011-01-03,Spring,2011,1,0,Monday,1,1,0.196364,8.050924,0.189405,9.47025,0.437273,0.248309,120,1229,1349
4,2011-01-04,Spring,2011,1,0,Tuesday,1,1,0.2,8.200000000000001,0.212122,10.6061,0.590435,0.160296,108,1454,1562
5,2011-01-05,Spring,2011,1,0,Wednesday,1,1,0.226957,9.305237,0.22927,11.4635,0.436957,0.1869,82,1518,1600
6,2011-01-06,Spring,2011,1,0,Thursday,1,1,0.204348,8.378268,0.233209,11.66045,0.518261,0.0895652,88,1518,1606
7,2011-01-07,Spring,2011,1,0,Friday,1,2,0.196522,8.057402,0.208839,10.44195,0.498696,0.168726,148,1362,1510
8,2011-01-08,Spring,2011,1,0,Saturday,0,2,0.165,6.765000000000001,0.162254,8.1127,0.535833,0.266804,68,891,959
9,2011-01-09,Spring,2011,1,0,Sunday,0,1,0.138333,5.671653,0.116175,5.80875,0.434167,0.36195,54,768,822
10,2011-01-10,Spring,2011,1,0,Monday,1,1,0.150833,6.184153,0.150888,7.5443999999999996,0.482917,0.223267,41,1280,1321
11,2011-01-11,Spring,2011,1,0,Tuesday,1,2,0.169091,6.9327309999999995,0.191464,9.5732,0.686364,0.122132,43,1220,1263
12,2011-01-12,Spring,2011,1,0,Wednesday,1,1,0.172727,7.0818069999999995,0.160473,8.02365,0.599545,0.304627,25,1137,1162
13,2011-01-13,Spring,2011,1,0,Thursday,1,1,0.165,6.765000000000001,0.150883,7.544149999999999,0.470417,0.301,38,1368,1406
14,2011-01-14,Spring,2011,1,0,Friday,1,1,0.16087,6.59567,0.188413,9.42065,0.537826,0.126548,54,1367,1421
15,2011-01-15,Spring,2011,1,0,Saturday,0,2,0.233333,9.566653,0.248112,12.4056,0.49875,0.157963,222,1026,1248
16,2011-01-16,Spring,2011,1,0,Sunday,0,1,0.231667,9.498347,0.234217,11.71085,0.48375,0.188433,251,953,1204
17,2011-01-17,Spring,2011,1,1,Monday,0,2,0.175833,7.209153,0.176771,8.838550000000001,0.5375,0.194017,117,883,1000
18,2011-01-18,Spring,2011,1,0,Tuesday,1,2,0.216667,8.883347,0.232333,11.61665,0.861667,0.146775,9,674,683
19,2011-01-19,Spring,2011,1,0,Wednesday,1,2,0.292174,11.979134,0.298422,14.921100000000001,0.741739,0.208317,78,1572,1650
20,2011-01-20,Spring,2011,1,0,Thursday,1,2,0.261667,10.728347,0.25505,12.7525,0.538333,0.195904,83,1844,1927
21,2011-01-21,Spring,2011,1,0,Friday,1,1,0.1775,7.2775,0.157833,7.89165,0.457083,0.353242,75,1468,1543
22,2011-01-22,Spring,2011,1,0,Saturday,0,1,0.0591304,2.4243464,0.0790696,3.9534800000000003,0.4,0.17197,93,888,981
23,2011-01-23,Spring,2011,1,0,Sunday,0,1,0.0965217,3.9573897000000002,0.0988391,4.941955,0.436522,0.2466,150,836,986
24,2011-01-24,Spring,2011,1,0,Monday,1,1,0.0973913,3.9930433,0.11793,5.8965,0.491739,0.15833,86,1330,1416
25,2011-01-25,Spring,2011,1,0,Tuesday,1,2,0.223478,9.162598000000001,0.234526,11.7263,0.616957,0.129796,186,1799,1985
26,2011-01-26,Spring,2011,1,0,Wednesday,1,3,0.2175,8.9175,0.2036,10.18,0.8625,0.29385,34,472,506
27,2011-01-27,Spring,2011,1,0,Thursday,1,1,0.195,7.995,0.2197,10.985,0.6875,0.113837,15,416,431
28,2011-01-28,Spring,2011,1,0,Friday,1,2,0.203478,8.342597999999999,0.223317,11.165849999999999,0.793043,0.1233,38,1129,1167
29,2011-01-29,Spring,2011,1,0,Saturday,0,1,0.196522,8.057402,0.212126,10.606300000000001,0.651739,0.145365,123,975,1098
30,2011-01-30,Spring,2011,1,0,Sunday,0,1,0.216522,8.877402,0.250322,12.5161,0.722174,0.0739826,140,956,1096
31,2011-01-31,Spring,2011,1,0,Monday,1,2,0.180833,7.414153,0.18625,9.3125,0.60375,0.187192,42,1459,1501
32,2011-02-01,Spring,2011,2,0,Tuesday,1,2,0.192174,7.8791340000000005,0.23453,11.7265,0.829565,0.053213,47,1313,1360
33,2011-02-02,Spring,2011,2,0,Wednesday,1,2,0.26,10.66,0.254417,12.72085,0.775417,0.264308,72,1454,1526
34,2011-02-03,Spring,2011,2,0,Thursday,1,1,0.186957,7.665237,0.177878,8.8939,0.437826,0.277752,61,1489,1550
35,2011-02-04,Spring,2011,2,0,Friday,1,2,0.211304,8.663464,0.228587,11.429350000000001,0.585217,0.127839,88,1620,1708
36,2011-02-05,Spring,2011,2,0,Saturday,0,2,0.233333,9.566653,0.243058,12.152899999999999,0.929167,0.161079,100,905,1005
37,2011-02-06,Spring,2011,2,0,Sunday,0,1,0.285833,11.719153,0.291671,14.58355,0.568333,0.1418,354,1269,1623
38,2011-02-07,Spring,2011,2,0,Monday,1,1,0.271667,11.138347,0.303658,15.1829,0.738333,0.0454083,120,1592,1712
39,2011-02-08,Spring,2011,2,0,Tuesday,1,1,0.220833,9.054153,0.198246,9.9123,0.537917,0.36195,64,1466,1530
40,2011-02-09,Spring,2011,2,0,Wednesday,1,2,0.134783,5.526102999999999,0.144283,7.21415,0.494783,0.188839,53,1552,1605
41,2011-02-10,Spring,2011,2,0,Thursday,1,1,0.144348,5.918268,0.149548,7.477399999999999,0.437391,0.221935,47,1491,1538
42,2011-02-11,Spring,2011,2,0,Friday,1,1,0.189091,7.752731000000001,0.213509,10.67545,0.506364,0.10855,149,1597,1746
43,2011-02-12,Spring,2011,2,0,Saturday,0,1,0.2225,9.1225,0.232954,11.6477,0.544167,0.203367,288,1184,1472
44,2011-02-13,Spring,2011,2,0,Sunday,0,1,0.316522,12.977402000000001,0.324113,16.20565,0.457391,0.260883,397,1192,1589
45,2011-02-14,Spring,2011,2,0,Monday,1,1,0.415,17.015,0.39835,19.9175,0.375833,0.417908,208,1705,1913
46,2011-02-15,Spring,2011,2,0,Tuesday,1,1,0.266087,10.909567000000001,0.254274,12.7137,0.314348,0.291374,140,1675,1815
47,2011-02-16,Spring,2011,2,0,Wednesday,1,1,0.318261,13.048701000000001,0.3162,15.809999999999999,0.423478,0.251791,218,1897,2115
48,2011-02-17,Spring,2011,2,0,Thursday,1,1,0.435833,17.869153,0.428658,21.4329,0.505,0.230104,259,2216,2475
49,2011-02-18,Spring,2011,2,0,Friday,1,1,0.521667,21.388347,0.511983,25.599149999999998,0.516667,0.264925,579,2348,2927
50,2011-02-19,Spring,2011,2,0,Saturday,0,1,0.399167,16.365847,0.391404,19.5702,0.187917,0.507463,532,1103,1635
51,2011-02-20,Spring,2011,2,0,Sunday,0,1,0.285217,11.693897,0.27733,13.8665,0.407826,0.223235,639,1173,1812
52,2011-02-21,Spring,2011,2,1,Monday,0,2,0.303333,12.436653000000002,0.284075,14.203750000000001,0.605,0.307846,195,912,1107
53,2011-02-22,Spring,2011,2,0,Tuesday,1,1,0.182222,7.471102,0.186033,9.30165,0.577778,0.195683,74,1376,1450
54,2011-02-23,Spring,2011,2,0,Wednesday,1,1,0.221739,9.091299,0.245717,12.28585,0.423043,0.094113,139,1778,1917
55,2011-02-24,Spring,2011,2,0,Thursday,1,2,0.295652,12.121732000000002,0.289191,14.459549999999998,0.697391,0.250496,100,1707,1807
56,2011-02-25,Spring,2011,2,0,Friday,1,2,0.364348,14.938268,0.350461,17.52305,0.712174,0.346539,120,1341,1461
57,2011-02-26,Spring,2011,2,0,Saturday,0,1,0.2825,11.5825,0.282192,14.1096,0.537917,0.186571,424,1545,1969
58,2011-02-27,Spring,2011,2,0,Sunday,0,1,0.343478,14.082598,0.351109,17.55545,0.68,0.125248,694,1708,2402
59,2011-02-28,Spring,2011,2,0,Monday,1,2,0.407273,16.698193,0.400118,20.005899999999997,0.876364,0.289686,81,1365,1446
60,2011-03-01,Spring,2011,3,0,Tuesday,1,1,0.266667,10.933347,0.263879,13.19395,0.535,0.216425,137,1714,1851
61,2011-03-02,Spring,2011,3,0,Wednesday,1,1,0.335,13.735000000000001,0.320071,16.00355,0.449583,0.307833,231,1903,2134
62,2011-03-03,Spring,2011,3,0,Thursday,1,1,0.198333,8.131653,0.200133,10.00665,0.318333,0.225754,123,1562,1685
63,2011-03-04,Spring,2011,3,0,Friday,1,2,0.261667,10.728347,0.255679,12.783949999999999,0.610417,0.203346,214,1730,1944
64,2011-03-05,Spring,2011,3,0,Saturday,0,2,0.384167,15.750846999999998,0.378779,18.93895,0.789167,0.251871,640,1437,2077
65,2011-03-06,Spring,2011,3,0,Sunday,0,2,0.376522,15.437402,0.366252,18.3126,0.948261,0.343287,114,491,605
66,2011-03-07,Spring,2011,3,0,Monday,1,1,0.261739,10.731299,0.238461,11.92305,0.551304,0.341352,244,1628,1872
67,2011-03-08,Spring,2011,3,0,Tuesday,1,1,0.2925,11.9925,0.3024,15.120000000000001,0.420833,0.12065,316,1817,2133
68,2011-03-09,Spring,2011,3,0,Wednesday,1,2,0.295833,12.129153,0.286608,14.3304,0.775417,0.22015,191,1700,1891
69,2011-03-10,Spring,2011,3,0,Thursday,1,3,0.389091,15.952731,0.385668,19.2834,0.0,0.261877,46,577,623
70,2011-03-11,Spring,2011,3,0,Friday,1,2,0.316522,12.977402000000001,0.305,15.25,0.649565,0.23297,247,1730,1977
71,2011-03-12,Spring,2011,3,0,Saturday,0,1,0.329167,13.495847,0.32575,16.287499999999998,0.594583,0.220775,724,1408,2132
72,2011-03-13,Spring,2011,3,0,Sunday,0,1,0.384348,15.758268000000001,0.380091,19.004550000000002,0.527391,0.270604,982,1435,2417
73,2011-03-14,Spring,2011,3,0,Monday,1,1,0.325217,13.333896999999999,0.332,16.6,0.496957,0.136926,359,1687,2046
74,2011-03-15,Spring,2011,3,0,Tuesday,1,2,0.317391,13.013031,0.318178,15.908900000000001,0.655652,0.184309,289,1767,2056
75,2011-03-16,Spring,2011,3,0,Wednesday,1,2,0.365217,14.973897000000001,0.36693,18.3465,0.776522,0.203117,321,1871,2192
76,2011-03-17,Spring,2011,3,0,Thursday,1,1,0.415,17.015,0.410333,20.51665,0.602917,0.209579,424,2320,2744
77,2011-03-18,Spring,2011,3,0,Friday,1,1,0.54,22.14,0.527009,26.35045,0.525217,0.231017,884,2355,3239
78,2011-03-19,Spring,2011,3,0,Saturday,0,1,0.4725,19.3725,0.466525,23.32625,0.379167,0.368167,1424,1693,3117
79,2011-03-20,Spring,2011,3,0,Sunday,0,1,0.3325,13.6325,0.32575,16.287499999999998,0.47375,0.207721,1047,1424,2471
80,2011-03-21,Summer,2011,3,0,Monday,1,2,0.430435,17.647835,0.409735,20.48675,0.737391,0.288783,401,1676,2077
81,2011-03-22,Summer,2011,3,0,Tuesday,1,1,0.441667,18.108347,0.440642,22.0321,0.624583,0.22575,460,2243,2703
82,2011-03-23,Summer,2011,3,0,Wednesday,1,2,0.346957,14.225237,0.337939,16.89695,0.839565,0.234261,203,1918,2121
83,2011-03-24,Summer,2011,3,0,Thursday,1,2,0.285,11.684999999999999,0.270833,13.541649999999999,0.805833,0.243787,166,1699,1865
84,2011-03-25,Summer,2011,3,0,Friday,1,1,0.264167,10.830846999999999,0.256312,12.8156,0.495,0.230725,300,1910,2210
85,2011-03-26,Summer,2011,3,0,Saturday,0,1,0.265833,10.899153,0.257571,12.87855,0.394167,0.209571,981,1515,2496
86,2011-03-27,Summer,2011,3,0,Sunday,0,2,0.253043,10.374763000000002,0.250339,12.51695,0.493913,0.1843,472,1221,1693
87,2011-03-28,Summer,2011,3,0,Monday,1,1,0.264348,10.838268000000001,0.257574,12.878700000000002,0.302174,0.212204,222,1806,2028
88,2011-03-29,Summer,2011,3,0,Tuesday,1,1,0.3025,12.4025,0.292908,14.6454,0.314167,0.226996,317,2108,2425
89,2011-03-30,Summer,2011,3,0,Wednesday,1,2,0.3,12.299999999999999,0.29735,14.8675,0.646667,0.172888,168,1368,1536
90,2011-03-31,Summer,2011,3,0,Thursday,1,3,0.268333,11.001653,0.257575,12.87875,0.918333,0.217646,179,1506,1685
91,2011-04-01,Summer,2011,4,0,Friday,1,2,0.3,12.299999999999999,0.283454,14.172699999999999,0.68625,0.258708,307,1920,2227
92,2011-04-02,Summer,2011,4,0,Saturday,0,2,0.315,12.915000000000001,0.315637,15.78185,0.65375,0.197146,898,1354,2252
93,2011-04-03,Summer,2011,4,0,Sunday,0,1,0.378333,15.511652999999999,0.378767,18.93835,0.48,0.182213,1651,1598,3249
94,2011-04-04,Summer,2011,4,0,Monday,1,1,0.573333,23.506653,0.542929,27.14645,0.42625,0.385571,734,2381,3115
95,2011-04-05,Summer,2011,4,0,Tuesday,1,2,0.414167,16.980847,0.39835,19.9175,0.642083,0.388067,167,1628,1795
96,2011-04-06,Summer,2011,4,0,Wednesday,1,1,0.390833,16.024153,0.387608,19.3804,0.470833,0.263063,413,2395,2808
97,2011-04-07,Summer,2011,4,0,Thursday,1,1,0.4375,17.9375,0.433696,21.684800000000003,0.602917,0.162312,571,2570,3141
98,2011-04-08,Summer,2011,4,0,Friday,1,2,0.335833,13.769153,0.324479,16.223950000000002,0.83625,0.226992,172,1299,1471
99,2011-04-09,Summer,2011,4,0,Saturday,0,2,0.3425,14.0425,0.341529,17.07645,0.8775,0.133083,879,1576,2455
100,2011-04-10,Summer,2011,4,0,Sunday,0,2,0.426667,17.493347,0.426737,21.33685,0.8575,0.146767,1188,1707,2895
101,2011-04-11,Summer,2011,4,0,Monday,1,2,0.595652,24.421732,0.565217,28.260849999999998,0.716956,0.324474,855,2493,3348
102,2011-04-12,Summer,2011,4,0,Tuesday,1,2,0.5025,20.6025,0.493054,24.6527,0.739167,0.274879,257,1777,2034
103,2011-04-13,Summer,2011,4,0,Wednesday,1,2,0.4125,16.912499999999998,0.417283,20.864150000000002,0.819167,0.250617,209,1953,2162
104,2011-04-14,Summer,2011,4,0,Thursday,1,1,0.4675,19.1675,0.462742,23.1371,0.540417,0.1107,529,2738,3267
105,2011-04-15,Summer,2011,4,1,Friday,0,1,0.446667,18.313347,0.441913,22.09565,0.67125,0.226375,642,2484,3126
106,2011-04-16,Summer,2011,4,0,Saturday,0,3,0.430833,17.664153000000002,0.425492,21.2746,0.888333,0.340808,121,674,795
107,2011-04-17,Summer,2011,4,0,Sunday,0,1,0.456667,18.723347,0.445696,22.2848,0.479583,0.303496,1558,2186,3744
108,2011-04-18,Summer,2011,4,0,Monday,1,1,0.5125,21.0125,0.503146,25.1573,0.5425,0.163567,669,2760,3429
109,2011-04-19,Summer,2011,4,0,Tuesday,1,2,0.505833,20.739152999999998,0.489258,24.4629,0.665833,0.157971,409,2795,3204
110,2011-04-20,Summer,2011,4,0,Wednesday,1,1,0.595,24.395,0.564392,28.2196,0.614167,0.241925,613,3331,3944
111,2011-04-21,Summer,2011,4,0,Thursday,1,1,0.459167,18.825847,0.453892,22.6946,0.407083,0.325258,745,3444,4189
112,2011-04-22,Summer,2011,4,0,Friday,1,2,0.336667,13.803347,0.321954,16.0977,0.729583,0.219521,177,1506,1683
113,2011-04-23,Summer,2011,4,0,Saturday,0,2,0.46,18.86,0.450121,22.50605,0.887917,0.230725,1462,2574,4036
114,2011-04-24,Summer,2011,4,0,Sunday,0,2,0.581667,23.848347,0.551763,27.58815,0.810833,0.192175,1710,2481,4191
115,2011-04-25,Summer,2011,4,0,Monday,1,1,0.606667,24.873347,0.5745,28.725,0.776667,0.185333,773,3300,4073
116,2011-04-26,Summer,2011,4,0,Tuesday,1,1,0.631667,25.898346999999998,0.594083,29.704150000000002,0.729167,0.3265,678,3722,4400
117,2011-04-27,Summer,2011,4,0,Wednesday,1,2,0.62,25.419999999999998,0.575142,28.7571,0.835417,0.3122,547,3325,3872
118,2011-04-28,Summer,2011,4,0,Thursday,1,2,0.6175,25.317500000000003,0.578929,28.946450000000002,0.700833,0.320908,569,3489,4058
119,2011-04-29,Summer,2011,4,0,Friday,1,1,0.51,20.91,0.497463,24.87315,0.457083,0.240063,878,3717,4595
120,2011-04-30,Summer,2011,4,0,Saturday,0,1,0.4725,19.3725,0.464021,23.201050000000002,0.503333,0.235075,1965,3347,5312
121,2011-05-01,Summer,2011,5,0,Sunday,0,2,0.451667,18.518347,0.448204,22.4102,0.762083,0.106354,1138,2213,3351
122,2011-05-02,Summer,2011,5,0,Monday,1,2,0.549167,22.515846999999997,0.532833,26.64165,0.73,0.183454,847,3554,4401
123,2011-05-03,Summer,2011,5,0,Tuesday,1,2,0.616667,25.283347,0.582079,29.10395,0.697083,0.342667,603,3848,4451
124,2011-05-04,Summer,2011,5,0,Wednesday,1,2,0.414167,16.980847,0.40465,20.2325,0.737083,0.328996,255,2378,2633
125,2011-05-05,Summer,2011,5,0,Thursday,1,1,0.459167,18.825847,0.441917,22.09585,0.444167,0.295392,614,3819,4433
126,2011-05-06,Summer,2011,5,0,Friday,1,1,0.479167,19.645847,0.474117,23.70585,0.59,0.228246,894,3714,4608
127,2011-05-07,Summer,2011,5,0,Saturday,0,1,0.52,21.32,0.512621,25.63105,0.54125,0.16045,1612,3102,4714
128,2011-05-08,Summer,2011,5,0,Sunday,0,1,0.528333,21.661653,0.518933,25.946649999999998,0.631667,0.0746375,1401,2932,4333
129,2011-05-09,Summer,2011,5,0,Monday,1,1,0.5325,21.8325,0.525246,26.2623,0.58875,0.176,664,3698,4362
130,2011-05-10,Summer,2011,5,0,Tuesday,1,1,0.5325,21.8325,0.522721,26.13605,0.489167,0.115671,694,4109,4803
131,2011-05-11,Summer,2011,5,0,Wednesday,1,1,0.5425,22.2425,0.5284,26.419999999999998,0.632917,0.120642,550,3632,4182
132,2011-05-12,Summer,2011,5,0,Thursday,1,1,0.535,21.935000000000002,0.523363,26.16815,0.7475,0.189667,695,4169,4864
133,2011-05-13,Summer,2011,5,0,Friday,1,2,0.5125,21.0125,0.4943,24.715,0.863333,0.179725,692,3413,4105
134,2011-05-14,Summer,2011,5,0,Saturday,0,2,0.520833,21.354153,0.500629,25.03145,0.9225,0.13495,902,2507,3409
135,2011-05-15,Summer,2011,5,0,Sunday,0,2,0.5625,23.0625,0.536,26.8,0.867083,0.152979,1582,2971,4553
136,2011-05-16,Summer,2011,5,0,Monday,1,1,0.5775,23.677500000000002,0.550512,27.5256,0.787917,0.126871,773,3185,3958
137,2011-05-17,Summer,2011,5,0,Tuesday,1,2,0.561667,23.028347,0.538529,26.926450000000003,0.837917,0.277354,678,3445,4123
138,2011-05-18,Summer,2011,5,0,Wednesday,1,2,0.55,22.55,0.527158,26.3579,0.87,0.201492,536,3319,3855
139,2011-05-19,Summer,2011,5,0,Thursday,1,2,0.530833,21.764153,0.510742,25.537100000000002,0.829583,0.108213,735,3840,4575
140,2011-05-20,Summer,2011,5,0,Friday,1,1,0.536667,22.003347,0.529042,26.4521,0.719583,0.125013,909,4008,4917
141,2011-05-21,Summer,2011,5,0,Saturday,0,1,0.6025,24.7025,0.571975,28.59875,0.626667,0.12065,2258,3547,5805
142,2011-05-22,Summer,2011,5,0,Sunday,0,1,0.604167,24.770847,0.5745,28.725,0.749583,0.148008,1576,3084,4660
143,2011-05-23,Summer,2011,5,0,Monday,1,2,0.631667,25.898346999999998,0.590296,29.5148,0.81,0.233842,836,3438,4274
144,2011-05-24,Summer,2011,5,0,Tuesday,1,2,0.66,27.060000000000002,0.604813,30.240650000000002,0.740833,0.207092,659,3833,4492
145,2011-05-25,Summer,2011,5,0,Wednesday,1,1,0.660833,27.094153,0.615542,30.7771,0.69625,0.154233,740,4238,4978
146,2011-05-26,Summer,2011,5,0,Thursday,1,1,0.708333,29.041653,0.654688,32.7344,0.6775,0.199642,758,3919,4677
147,2011-05-27,Summer,2011,5,0,Friday,1,1,0.681667,27.948347000000002,0.637008,31.8504,0.65375,0.240679,871,3808,4679
148,2011-05-28,Summer,2011,5,0,Saturday,0,1,0.655833,26.889153,0.612379,30.61895,0.729583,0.230092,2001,2757,4758
149,2011-05-29,Summer,2011,5,0,Sunday,0,1,0.6675,27.3675,0.61555,30.777500000000003,0.81875,0.213938,2355,2433,4788
150,2011-05-30,Summer,2011,5,1,Monday,0,1,0.733333,30.066653000000002,0.671092,33.5546,0.685,0.131225,1549,2549,4098
151,2011-05-31,Summer,2011,5,0,Tuesday,1,1,0.775,31.775000000000002,0.725383,36.26915,0.636667,0.111329,673,3309,3982
152,2011-06-01,Summer,2011,6,0,Wednesday,1,2,0.764167,31.330847000000002,0.720967,36.04835,0.677083,0.207092,513,3461,3974
153,2011-06-02,Summer,2011,6,0,Thursday,1,1,0.715,29.314999999999998,0.643942,32.1971,0.305,0.292287,736,4232,4968
154,2011-06-03,Summer,2011,6,0,Friday,1,1,0.62,25.419999999999998,0.587133,29.356650000000002,0.354167,0.253121,898,4414,5312
155,2011-06-04,Summer,2011,6,0,Saturday,0,1,0.635,26.035,0.594696,29.7348,0.45625,0.123142,1869,3473,5342
156,2011-06-05,Summer,2011,6,0,Sunday,0,2,0.648333,26.581653000000003,0.616804,30.8402,0.6525,0.138692,1685,3221,4906
157,2011-06-06,Summer,2011,6,0,Monday,1,1,0.678333,27.811653,0.621858,31.0929,0.6,0.121896,673,3875,4548
158,2011-06-07,Summer,2011,6,0,Tuesday,1,1,0.7075,29.0075,0.65595,32.7975,0.597917,0.187808,763,4070,4833
159,2011-06-08,Summer,2011,6,0,Wednesday,1,1,0.775833,31.809153,0.727279,36.36395,0.622083,0.136817,676,3725,4401
160,2011-06-09,Summer,2011,6,0,Thursday,1,2,0.808333,33.141653,0.757579,37.87895,0.568333,0.149883,563,3352,3915
161,2011-06-10,Summer,2011,6,0,Friday,1,1,0.755,30.955000000000002,0.703292,35.1646,0.605,0.140554,815,3771,4586
162,2011-06-11,Summer,2011,6,0,Saturday,0,1,0.725,29.724999999999998,0.678038,33.901900000000005,0.654583,0.15485,1729,3237,4966
163,2011-06-12,Summer,2011,6,0,Sunday,0,1,0.6925,28.392500000000002,0.643325,32.166250000000005,0.747917,0.163567,1467,2993,4460
164,2011-06-13,Summer,2011,6,0,Monday,1,1,0.635,26.035,0.601654,30.082700000000003,0.494583,0.30535,863,4157,5020
165,2011-06-14,Summer,2011,6,0,Tuesday,1,1,0.604167,24.770847,0.591546,29.5773,0.507083,0.269283,727,4164,4891
166,2011-06-15,Summer,2011,6,0,Wednesday,1,1,0.626667,25.693347,0.587754,29.3877,0.471667,0.167912,769,4411,5180
167,2011-06-16,Summer,2011,6,0,Thursday,1,2,0.628333,25.761653000000003,0.595346,29.767300000000002,0.688333,0.206471,545,3222,3767
168,2011-06-17,Summer,2011,6,0,Friday,1,1,0.649167,26.615847000000002,0.600383,30.01915,0.735833,0.143029,863,3981,4844
169,2011-06-18,Summer,2011,6,0,Saturday,0,1,0.696667,28.563347,0.643954,32.197700000000005,0.670417,0.119408,1807,3312,5119
170,2011-06-19,Summer,2011,6,0,Sunday,0,2,0.699167,28.665847,0.645846,32.292300000000004,0.666667,0.102,1639,3105,4744
171,2011-06-20,Summer,2011,6,0,Monday,1,2,0.635,26.035,0.595346,29.767300000000002,0.74625,0.155475,699,3311,4010
172,2011-06-21,Fall,2011,6,0,Tuesday,1,2,0.680833,27.914153000000002,0.637646,31.8823,0.770417,0.171025,774,4061,4835
173,2011-06-22,Fall,2011,6,0,Wednesday,1,1,0.733333,30.066653000000002,0.693829,34.69145,0.7075,0.172262,661,3846,4507
174,2011-06-23,Fall,2011,6,0,Thursday,1,2,0.728333,29.861653,0.693833,34.69165,0.703333,0.238804,746,4044,4790
175,2011-06-24,Fall,2011,6,0,Friday,1,1,0.724167,29.690847,0.656583,32.82915,0.573333,0.222025,969,4022,4991
176,2011-06-25,Fall,2011,6,0,Saturday,0,1,0.695,28.494999999999997,0.643313,32.16565,0.483333,0.209571,1782,3420,5202
177,2011-06-26,Fall,2011,6,0,Sunday,0,1,0.68,27.880000000000003,0.637629,31.88145,0.513333,0.0945333,1920,3385,5305
178,2011-06-27,Fall,2011,6,0,Monday,1,2,0.6825,27.982499999999998,0.637004,31.8502,0.658333,0.107588,854,3854,4708
179,2011-06-28,Fall,2011,6,0,Tuesday,1,1,0.744167,30.510847000000002,0.692558,34.6279,0.634167,0.144283,732,3916,4648
180,2011-06-29,Fall,2011,6,0,Wednesday,1,1,0.728333,29.861653,0.654688,32.7344,0.497917,0.261821,848,4377,5225
181,2011-06-30,Fall,2011,6,0,Thursday,1,1,0.696667,28.563347,0.637008,31.8504,0.434167,0.185312,1027,4488,5515
182,2011-07-01,Fall,2011,7,0,Friday,1,1,0.7225,29.622500000000002,0.652162,32.6081,0.39625,0.102608,1246,4116,5362
183,2011-07-02,Fall,2011,7,0,Saturday,0,1,0.738333,30.271653,0.667308,33.3654,0.444583,0.115062,2204,2915,5119
184,2011-07-03,Fall,2011,7,0,Sunday,0,2,0.716667,29.383347,0.668575,33.42875,0.6825,0.228858,2282,2367,4649
185,2011-07-04,Fall,2011,7,1,Monday,0,2,0.726667,29.793346999999997,0.665417,33.27085,0.637917,0.0814792,3065,2978,6043
186,2011-07-05,Fall,2011,7,0,Tuesday,1,1,0.746667,30.613346999999997,0.696338,34.816900000000004,0.590417,0.126258,1031,3634,4665
187,2011-07-06,Fall,2011,7,0,Wednesday,1,1,0.72,29.52,0.685633,34.28165,0.743333,0.149883,784,3845,4629
188,2011-07-07,Fall,2011,7,0,Thursday,1,1,0.75,30.75,0.686871,34.34355,0.65125,0.1592,754,3838,4592
189,2011-07-08,Fall,2011,7,0,Friday,1,2,0.709167,29.075847,0.670483,33.524150000000006,0.757917,0.225129,692,3348,4040
190,2011-07-09,Fall,2011,7,0,Saturday,0,1,0.733333,30.066653000000002,0.664158,33.2079,0.609167,0.167912,1988,3348,5336
191,2011-07-10,Fall,2011,7,0,Sunday,0,1,0.7475,30.6475,0.690025,34.50125,0.578333,0.183471,1743,3138,4881
192,2011-07-11,Fall,2011,7,0,Monday,1,1,0.7625,31.2625,0.729804,36.4902,0.635833,0.282337,723,3363,4086
193,2011-07-12,Fall,2011,7,0,Tuesday,1,1,0.794167,32.560846999999995,0.739275,36.96375,0.559167,0.200254,662,3596,4258
194,2011-07-13,Fall,2011,7,0,Wednesday,1,1,0.746667,30.613346999999997,0.689404,34.4702,0.631667,0.146133,748,3594,4342
195,2011-07-14,Fall,2011,7,0,Thursday,1,1,0.680833,27.914153000000002,0.635104,31.7552,0.47625,0.240667,888,4196,5084
196,2011-07-15,Fall,2011,7,0,Friday,1,1,0.663333,27.196652999999998,0.624371,31.21855,0.59125,0.182833,1318,4220,5538
197,2011-07-16,Fall,2011,7,0,Saturday,0,1,0.686667,28.153347,0.638263,31.91315,0.585,0.208342,2418,3505,5923
198,2011-07-17,Fall,2011,7,0,Sunday,0,1,0.719167,29.485847,0.669833,33.49165,0.604167,0.245033,2006,3296,5302
199,2011-07-18,Fall,2011,7,0,Monday,1,1,0.746667,30.613346999999997,0.703925,35.19625,0.65125,0.215804,841,3617,4458
200,2011-07-19,Fall,2011,7,0,Tuesday,1,1,0.776667,31.843347,0.747479,37.37395,0.650417,0.1306,752,3789,4541
201,2011-07-20,Fall,2011,7,0,Wednesday,1,1,0.768333,31.501653,0.74685,37.3425,0.707083,0.113817,644,3688,4332
202,2011-07-21,Fall,2011,7,0,Thursday,1,2,0.815,33.415,0.826371,41.31855,0.69125,0.222021,632,3152,3784
203,2011-07-22,Fall,2011,7,0,Friday,1,1,0.848333,34.781653,0.840896,42.0448,0.580417,0.1331,562,2825,3387
204,2011-07-23,Fall,2011,7,0,Saturday,0,1,0.849167,34.815847,0.804287,40.214349999999996,0.5,0.131221,987,2298,3285
205,2011-07-24,Fall,2011,7,0,Sunday,0,1,0.83,34.03,0.794829,39.74145,0.550833,0.169171,1050,2556,3606
206,2011-07-25,Fall,2011,7,0,Monday,1,1,0.743333,30.476653000000002,0.720958,36.0479,0.757083,0.0908083,568,3272,3840
207,2011-07-26,Fall,2011,7,0,Tuesday,1,1,0.771667,31.638347,0.696979,34.84895,0.540833,0.200258,750,3840,4590
208,2011-07-27,Fall,2011,7,0,Wednesday,1,1,0.775,31.775000000000002,0.690667,34.53335,0.402917,0.183463,755,3901,4656
209,2011-07-28,Fall,2011,7,0,Thursday,1,1,0.779167,31.945847,0.7399,36.995,0.583333,0.178479,606,3784,4390
210,2011-07-29,Fall,2011,7,0,Friday,1,1,0.838333,34.371653,0.785967,39.29835,0.5425,0.174138,670,3176,3846
211,2011-07-30,Fall,2011,7,0,Saturday,0,1,0.804167,32.970847,0.728537,36.42685,0.465833,0.168537,1559,2916,4475
212,2011-07-31,Fall,2011,7,0,Sunday,0,1,0.805833,33.039153,0.729796,36.4898,0.480833,0.164813,1524,2778,4302
213,2011-08-01,Fall,2011,8,0,Monday,1,1,0.771667,31.638347,0.703292,35.1646,0.550833,0.156717,729,3537,4266
214,2011-08-02,Fall,2011,8,0,Tuesday,1,1,0.783333,32.116653,0.707071,35.35355,0.49125,0.20585,801,4044,4845
215,2011-08-03,Fall,2011,8,0,Wednesday,1,2,0.731667,29.998347,0.679937,33.99685,0.6575,0.135583,467,3107,3574
216,2011-08-04,Fall,2011,8,0,Thursday,1,2,0.71,29.11,0.664788,33.2394,0.7575,0.19715,799,3777,4576
217,2011-08-05,Fall,2011,8,0,Friday,1,1,0.710833,29.144153000000003,0.656567,32.82835,0.630833,0.184696,1023,3843,4866
218,2011-08-06,Fall,2011,8,0,Saturday,0,2,0.716667,29.383347,0.676154,33.807700000000004,0.755,0.22825,1521,2773,4294
219,2011-08-07,Fall,2011,8,0,Sunday,0,1,0.7425,30.442500000000003,0.715292,35.7646,0.752917,0.201487,1298,2487,3785
220,2011-08-08,Fall,2011,8,0,Monday,1,1,0.765,31.365000000000002,0.703283,35.16415,0.592083,0.192175,846,3480,4326
221,2011-08-09,Fall,2011,8,0,Tuesday,1,1,0.775,31.775000000000002,0.724121,36.20605,0.570417,0.151121,907,3695,4602
222,2011-08-10,Fall,2011,8,0,Wednesday,1,1,0.766667,31.433346999999998,0.684983,34.24915,0.424167,0.200258,884,3896,4780
223,2011-08-11,Fall,2011,8,0,Thursday,1,1,0.7175,29.4175,0.651521,32.57605,0.42375,0.164796,812,3980,4792
224,2011-08-12,Fall,2011,8,0,Friday,1,1,0.708333,29.041653,0.654042,32.7021,0.415,0.125621,1051,3854,4905
225,2011-08-13,Fall,2011,8,0,Saturday,0,2,0.685833,28.119153,0.645858,32.2929,0.729583,0.211454,1504,2646,4150
226,2011-08-14,Fall,2011,8,0,Sunday,0,2,0.676667,27.743347,0.624388,31.219400000000004,0.8175,0.222633,1338,2482,3820
227,2011-08-15,Fall,2011,8,0,Monday,1,1,0.665833,27.299153,0.616167,30.80835,0.712083,0.208954,775,3563,4338
228,2011-08-16,Fall,2011,8,0,Tuesday,1,1,0.700833,28.734153000000003,0.645837,32.29185,0.578333,0.236329,721,4004,4725
229,2011-08-17,Fall,2011,8,0,Wednesday,1,1,0.723333,29.656653,0.666671,33.33355,0.575417,0.143667,668,4026,4694
230,2011-08-18,Fall,2011,8,0,Thursday,1,1,0.711667,29.178347000000002,0.662258,33.1129,0.654583,0.233208,639,3166,3805
231,2011-08-19,Fall,2011,8,0,Friday,1,2,0.685,28.085,0.633221,31.661050000000003,0.722917,0.139308,797,3356,4153
232,2011-08-20,Fall,2011,8,0,Saturday,0,1,0.6975,28.5975,0.648996,32.4498,0.674167,0.104467,1914,3277,5191
233,2011-08-21,Fall,2011,8,0,Sunday,0,1,0.710833,29.144153000000003,0.675525,33.776250000000005,0.77,0.248754,1249,2624,3873
234,2011-08-22,Fall,2011,8,0,Monday,1,1,0.691667,28.358347000000002,0.638254,31.9127,0.47,0.27675,833,3925,4758
235,2011-08-23,Fall,2011,8,0,Tuesday,1,1,0.640833,26.274153,0.606067,30.303350000000002,0.455417,0.146763,1281,4614,5895
236,2011-08-24,Fall,2011,8,0,Wednesday,1,1,0.673333,27.606652999999998,0.630692,31.5346,0.605,0.253108,949,4181,5130
237,2011-08-25,Fall,2011,8,0,Thursday,1,2,0.684167,28.050846999999997,0.645854,32.2927,0.771667,0.210833,435,3107,3542
238,2011-08-26,Fall,2011,8,0,Friday,1,1,0.7,28.7,0.659733,32.98665,0.76125,0.0839625,768,3893,4661
239,2011-08-27,Fall,2011,8,0,Saturday,0,2,0.68,27.880000000000003,0.635556,31.7778,0.85,0.375617,226,889,1115
240,2011-08-28,Fall,2011,8,0,Sunday,0,1,0.707059,28.989418999999998,0.647959,32.397949999999994,0.561765,0.304659,1415,2919,4334
241,2011-08-29,Fall,2011,8,0,Monday,1,1,0.636667,26.103347,0.607958,30.3979,0.554583,0.159825,729,3905,4634
242,2011-08-30,Fall,2011,8,0,Tuesday,1,1,0.639167,26.205847000000002,0.594704,29.7352,0.548333,0.125008,775,4429,5204
243,2011-08-31,Fall,2011,8,0,Wednesday,1,1,0.656667,26.923347,0.611121,30.556050000000003,0.597917,0.0833333,688,4370,5058
244,2011-09-01,Fall,2011,9,0,Thursday,1,1,0.655,26.855,0.614921,30.746050000000004,0.639167,0.141796,783,4332,5115
245,2011-09-02,Fall,2011,9,0,Friday,1,2,0.643333,26.376653,0.604808,30.2404,0.727083,0.139929,875,3852,4727
246,2011-09-03,Fall,2011,9,0,Saturday,0,1,0.669167,27.435847,0.633213,31.66065,0.716667,0.185325,1935,2549,4484
247,2011-09-04,Fall,2011,9,0,Sunday,0,1,0.709167,29.075847,0.665429,33.27145,0.742083,0.206467,2521,2419,4940
248,2011-09-05,Fall,2011,9,1,Monday,0,2,0.673333,27.606652999999998,0.625646,31.282300000000003,0.790417,0.212696,1236,2115,3351
249,2011-09-06,Fall,2011,9,0,Tuesday,1,3,0.54,22.14,0.5152,25.759999999999998,0.886957,0.343943,204,2506,2710
250,2011-09-07,Fall,2011,9,0,Wednesday,1,3,0.599167,24.565847,0.544229,27.21145,0.917083,0.0970208,118,1878,1996
251,2011-09-08,Fall,2011,9,0,Thursday,1,3,0.633913,25.990433,0.555361,27.76805,0.939565,0.192748,153,1689,1842
252,2011-09-09,Fall,2011,9,0,Friday,1,2,0.65,26.650000000000002,0.578946,28.9473,0.897917,0.124379,417,3127,3544
253,2011-09-10,Fall,2011,9,0,Saturday,0,1,0.66,27.060000000000002,0.607962,30.3981,0.75375,0.153608,1750,3595,5345
254,2011-09-11,Fall,2011,9,0,Sunday,0,1,0.653333,26.786653,0.609229,30.46145,0.71375,0.115054,1633,3413,5046
255,2011-09-12,Fall,2011,9,0,Monday,1,1,0.644348,26.418268,0.60213,30.106500000000004,0.692174,0.088913,690,4023,4713
256,2011-09-13,Fall,2011,9,0,Tuesday,1,1,0.650833,26.684153,0.603554,30.1777,0.7125,0.141804,701,4062,4763
257,2011-09-14,Fall,2011,9,0,Wednesday,1,1,0.673333,27.606652999999998,0.6269,31.345,0.697083,0.1673,647,4138,4785
258,2011-09-15,Fall,2011,9,0,Thursday,1,2,0.5775,23.677500000000002,0.553671,27.68355,0.709167,0.271146,428,3231,3659
259,2011-09-16,Fall,2011,9,0,Friday,1,2,0.469167,19.235847,0.461475,23.07375,0.590417,0.164183,742,4018,4760
260,2011-09-17,Fall,2011,9,0,Saturday,0,2,0.491667,20.158347,0.478512,23.9256,0.718333,0.189675,1434,3077,4511
261,2011-09-18,Fall,2011,9,0,Sunday,0,1,0.5075,20.807499999999997,0.490537,24.52685,0.695,0.178483,1353,2921,4274
262,2011-09-19,Fall,2011,9,0,Monday,1,2,0.549167,22.515846999999997,0.529675,26.48375,0.69,0.151742,691,3848,4539
263,2011-09-20,Fall,2011,9,0,Tuesday,1,2,0.561667,23.028347,0.532217,26.610850000000003,0.88125,0.134954,438,3203,3641
264,2011-09-21,Fall,2011,9,0,Wednesday,1,2,0.595,24.395,0.550533,27.526650000000004,0.9,0.0964042,539,3813,4352
265,2011-09-22,Fall,2011,9,0,Thursday,1,2,0.628333,25.761653000000003,0.554963,27.74815,0.902083,0.128125,555,4240,4795
266,2011-09-23,Winter,2011,9,0,Friday,1,2,0.609167,24.975847,0.522125,26.106249999999996,0.9725,0.0783667,258,2137,2395
267,2011-09-24,Winter,2011,9,0,Saturday,0,2,0.606667,24.873347,0.564412,28.2206,0.8625,0.0783833,1776,3647,5423
268,2011-09-25,Winter,2011,9,0,Sunday,0,2,0.634167,26.000847,0.572637,28.631849999999996,0.845,0.0503792,1544,3466,5010
269,2011-09-26,Winter,2011,9,0,Monday,1,2,0.649167,26.615847000000002,0.589042,29.452099999999998,0.848333,0.1107,684,3946,4630
270,2011-09-27,Winter,2011,9,0,Tuesday,1,2,0.636667,26.103347,0.574525,28.726249999999997,0.885417,0.118171,477,3643,4120
271,2011-09-28,Winter,2011,9,0,Wednesday,1,2,0.635,26.035,0.575158,28.757899999999996,0.84875,0.148629,480,3427,3907
272,2011-09-29,Winter,2011,9,0,Thursday,1,1,0.616667,25.283347,0.574512,28.7256,0.699167,0.172883,653,4186,4839
273,2011-09-30,Winter,2011,9,0,Friday,1,1,0.564167,23.130847,0.544829,27.24145,0.6475,0.206475,830,4372,5202
274,2011-10-01,Winter,2011,10,0,Saturday,0,2,0.41,16.81,0.412863,20.64315,0.75375,0.292296,480,1949,2429
275,2011-10-02,Winter,2011,10,0,Sunday,0,2,0.356667,14.623347,0.345317,17.26585,0.791667,0.222013,616,2302,2918
276,2011-10-03,Winter,2011,10,0,Monday,1,2,0.384167,15.750846999999998,0.392046,19.6023,0.760833,0.0833458,330,3240,3570
277,2011-10-04,Winter,2011,10,0,Tuesday,1,1,0.484167,19.850847,0.472858,23.6429,0.71,0.205854,486,3970,4456
278,2011-10-05,Winter,2011,10,0,Wednesday,1,1,0.538333,22.071652999999998,0.527138,26.3569,0.647917,0.17725,559,4267,4826
279,2011-10-06,Winter,2011,10,0,Thursday,1,1,0.494167,20.260847000000002,0.480425,24.02125,0.620833,0.134954,639,4126,4765
280,2011-10-07,Winter,2011,10,0,Friday,1,1,0.510833,20.944153,0.504404,25.2202,0.684167,0.0223917,949,4036,4985
281,2011-10-08,Winter,2011,10,0,Saturday,0,1,0.521667,21.388347,0.513242,25.6621,0.70125,0.0454042,2235,3174,5409
282,2011-10-09,Winter,2011,10,0,Sunday,0,1,0.540833,22.174153,0.523983,26.19915,0.7275,0.06345,2397,3114,5511
283,2011-10-10,Winter,2011,10,1,Monday,0,1,0.570833,23.404153,0.542925,27.14625,0.73375,0.0423042,1514,3603,5117
284,2011-10-11,Winter,2011,10,0,Tuesday,1,2,0.566667,23.233347000000002,0.546096,27.3048,0.80875,0.143042,667,3896,4563
285,2011-10-12,Winter,2011,10,0,Wednesday,1,3,0.543333,22.276653,0.517717,25.885849999999998,0.90625,0.24815,217,2199,2416
286,2011-10-13,Winter,2011,10,0,Thursday,1,2,0.589167,24.155847,0.551804,27.5902,0.896667,0.141787,290,2623,2913
287,2011-10-14,Winter,2011,10,0,Friday,1,2,0.550833,22.584153,0.529675,26.48375,0.71625,0.223883,529,3115,3644
288,2011-10-15,Winter,2011,10,0,Saturday,0,1,0.506667,20.773346999999998,0.498725,24.936249999999998,0.483333,0.258083,1899,3318,5217
289,2011-10-16,Winter,2011,10,0,Sunday,0,1,0.511667,20.978347,0.503154,25.1577,0.486667,0.281717,1748,3293,5041
290,2011-10-17,Winter,2011,10,0,Monday,1,1,0.534167,21.900847,0.510725,25.53625,0.579583,0.175379,713,3857,4570
291,2011-10-18,Winter,2011,10,0,Tuesday,1,2,0.5325,21.8325,0.522721,26.13605,0.701667,0.110087,637,4111,4748
292,2011-10-19,Winter,2011,10,0,Wednesday,1,3,0.541739,22.211299,0.513848,25.6924,0.895217,0.243339,254,2170,2424
293,2011-10-20,Winter,2011,10,0,Thursday,1,1,0.475833,19.509153,0.466525,23.32625,0.63625,0.422275,471,3724,4195
294,2011-10-21,Winter,2011,10,0,Friday,1,1,0.4275,17.5275,0.423596,21.1798,0.574167,0.221396,676,3628,4304
295,2011-10-22,Winter,2011,10,0,Saturday,0,1,0.4225,17.322499999999998,0.425492,21.2746,0.629167,0.0926667,1499,2809,4308
296,2011-10-23,Winter,2011,10,0,Sunday,0,1,0.421667,17.288347,0.422333,21.11665,0.74125,0.0995125,1619,2762,4381
297,2011-10-24,Winter,2011,10,0,Monday,1,1,0.463333,18.996653,0.457067,22.85335,0.772083,0.118792,699,3488,4187
298,2011-10-25,Winter,2011,10,0,Tuesday,1,1,0.471667,19.338347,0.463375,23.16875,0.622917,0.166658,695,3992,4687
299,2011-10-26,Winter,2011,10,0,Wednesday,1,2,0.484167,19.850847,0.472846,23.6423,0.720417,0.148642,404,3490,3894
300,2011-10-27,Winter,2011,10,0,Thursday,1,2,0.47,19.27,0.457046,22.8523,0.812917,0.197763,240,2419,2659
301,2011-10-28,Winter,2011,10,0,Friday,1,2,0.330833,13.564153,0.318812,15.9406,0.585833,0.229479,456,3291,3747
302,2011-10-29,Winter,2011,10,0,Saturday,0,3,0.254167,10.420846999999998,0.227913,11.39565,0.8825,0.351371,57,570,627
303,2011-10-30,Winter,2011,10,0,Sunday,0,1,0.319167,13.085847,0.321329,16.06645,0.62375,0.176617,885,2446,3331
304,2011-10-31,Winter,2011,10,0,Monday,1,1,0.34,13.940000000000001,0.356063,17.803150000000002,0.703333,0.10635,362,3307,3669
305,2011-11-01,Winter,2011,11,0,Tuesday,1,1,0.400833,16.434153,0.397088,19.8544,0.68375,0.135571,410,3658,4068
306,2011-11-02,Winter,2011,11,0,Wednesday,1,1,0.3775,15.477500000000001,0.390133,19.50665,0.71875,0.0820917,370,3816,4186
307,2011-11-03,Winter,2011,11,0,Thursday,1,1,0.408333,16.741653,0.405921,20.296049999999997,0.702083,0.136817,318,3656,3974
308,2011-11-04,Winter,2011,11,0,Friday,1,2,0.403333,16.536653,0.403392,20.1696,0.6225,0.271779,470,3576,4046
309,2011-11-05,Winter,2011,11,0,Saturday,0,1,0.326667,13.393346999999999,0.323854,16.1927,0.519167,0.189062,1156,2770,3926
310,2011-11-06,Winter,2011,11,0,Sunday,0,1,0.348333,14.281653,0.362358,18.117900000000002,0.734583,0.0920542,952,2697,3649
311,2011-11-07,Winter,2011,11,0,Monday,1,1,0.395,16.195,0.400871,20.04355,0.75875,0.057225,373,3662,4035
312,2011-11-08,Winter,2011,11,0,Tuesday,1,1,0.408333,16.741653,0.412246,20.6123,0.721667,0.0690375,376,3829,4205
313,2011-11-09,Winter,2011,11,0,Wednesday,1,1,0.4,16.400000000000002,0.409079,20.453950000000003,0.758333,0.0621958,305,3804,4109
314,2011-11-10,Winter,2011,11,0,Thursday,1,2,0.38,15.58,0.373721,18.68605,0.813333,0.189067,190,2743,2933
315,2011-11-11,Winter,2011,11,1,Friday,0,1,0.324167,13.290847,0.306817,15.34085,0.44625,0.314675,440,2928,3368
316,2011-11-12,Winter,2011,11,0,Saturday,0,1,0.356667,14.623347,0.357942,17.8971,0.552917,0.212062,1275,2792,4067
317,2011-11-13,Winter,2011,11,0,Sunday,0,1,0.440833,18.074153,0.43055,21.5275,0.458333,0.281721,1004,2713,3717
318,2011-11-14,Winter,2011,11,0,Monday,1,1,0.53,21.73,0.524612,26.2306,0.587083,0.306596,595,3891,4486
319,2011-11-15,Winter,2011,11,0,Tuesday,1,2,0.53,21.73,0.507579,25.37895,0.68875,0.199633,449,3746,4195
320,2011-11-16,Winter,2011,11,0,Wednesday,1,3,0.456667,18.723347,0.451988,22.5994,0.93,0.136829,145,1672,1817
321,2011-11-17,Winter,2011,11,0,Thursday,1,2,0.341667,14.008347,0.323221,16.16105,0.575833,0.305362,139,2914,3053
322,2011-11-18,Winter,2011,11,0,Friday,1,1,0.274167,11.240847,0.272721,13.63605,0.41,0.168533,245,3147,3392
323,2011-11-19,Winter,2011,11,0,Saturday,0,1,0.329167,13.495847,0.324483,16.22415,0.502083,0.224496,943,2720,3663
324,2011-11-20,Winter,2011,11,0,Sunday,0,2,0.463333,18.996653,0.457058,22.8529,0.684583,0.18595,787,2733,3520
325,2011-11-21,Winter,2011,11,0,Monday,1,3,0.4475,18.3475,0.445062,22.2531,0.91,0.138054,220,2545,2765
326,2011-11-22,Winter,2011,11,0,Tuesday,1,3,0.416667,17.083347,0.421696,21.0848,0.9625,0.118792,69,1538,1607
327,2011-11-23,Winter,2011,11,0,Wednesday,1,2,0.440833,18.074153,0.430537,21.52685,0.757917,0.335825,112,2454,2566
328,2011-11-24,Winter,2011,11,1,Thursday,0,1,0.373333,15.306653,0.372471,18.62355,0.549167,0.167304,560,935,1495
329,2011-11-25,Winter,2011,11,0,Friday,1,1,0.375,15.375,0.380671,19.033549999999998,0.64375,0.0988958,1095,1697,2792
330,2011-11-26,Winter,2011,11,0,Saturday,0,1,0.375833,15.409152999999998,0.385087,19.254350000000002,0.681667,0.0684208,1249,1819,3068
331,2011-11-27,Winter,2011,11,0,Sunday,0,1,0.459167,18.825847,0.4558,22.79,0.698333,0.208954,810,2261,3071
332,2011-11-28,Winter,2011,11,0,Monday,1,1,0.503478,20.642598,0.490122,24.5061,0.743043,0.142122,253,3614,3867
333,2011-11-29,Winter,2011,11,0,Tuesday,1,2,0.458333,18.791653,0.451375,22.56875,0.830833,0.258092,96,2818,2914
334,2011-11-30,Winter,2011,11,0,Wednesday,1,1,0.325,13.325000000000001,0.311221,15.561050000000002,0.613333,0.271158,188,3425,3613
335,2011-12-01,Winter,2011,12,0,Thursday,1,1,0.3125,12.8125,0.305554,15.2777,0.524583,0.220158,182,3545,3727
336,2011-12-02,Winter,2011,12,0,Friday,1,1,0.314167,12.880847,0.331433,16.571649999999998,0.625833,0.100754,268,3672,3940
337,2011-12-03,Winter,2011,12,0,Saturday,0,1,0.299167,12.265847,0.310604,15.530199999999999,0.612917,0.0957833,706,2908,3614
338,2011-12-04,Winter,2011,12,0,Sunday,0,1,0.330833,13.564153,0.3491,17.455000000000002,0.775833,0.0839583,634,2851,3485
339,2011-12-05,Winter,2011,12,0,Monday,1,2,0.385833,15.819153,0.393925,19.696250000000003,0.827083,0.0622083,233,3578,3811
340,2011-12-06,Winter,2011,12,0,Tuesday,1,3,0.4625,18.962500000000002,0.4564,22.82,0.949583,0.232583,126,2468,2594
341,2011-12-07,Winter,2011,12,0,Wednesday,1,3,0.41,16.81,0.400246,20.0123,0.970417,0.266175,50,655,705
342,2011-12-08,Winter,2011,12,0,Thursday,1,1,0.265833,10.899153,0.256938,12.8469,0.58,0.240058,150,3172,3322
343,2011-12-09,Winter,2011,12,0,Friday,1,1,0.290833,11.924153,0.317542,15.877099999999999,0.695833,0.0827167,261,3359,3620
344,2011-12-10,Winter,2011,12,0,Saturday,0,1,0.275,11.275,0.266412,13.320599999999999,0.5075,0.233221,502,2688,3190
345,2011-12-11,Winter,2011,12,0,Sunday,0,1,0.220833,9.054153,0.253154,12.6577,0.49,0.0665417,377,2366,2743
346,2011-12-12,Winter,2011,12,0,Monday,1,1,0.238333,9.771652999999999,0.270196,13.5098,0.670833,0.06345,143,3167,3310
347,2011-12-13,Winter,2011,12,0,Tuesday,1,1,0.2825,11.5825,0.301138,15.0569,0.59,0.14055,155,3368,3523
348,2011-12-14,Winter,2011,12,0,Wednesday,1,2,0.3175,13.0175,0.338362,16.9181,0.66375,0.0609583,178,3562,3740
349,2011-12-15,Winter,2011,12,0,Thursday,1,2,0.4225,17.322499999999998,0.412237,20.61185,0.634167,0.268042,181,3528,3709
350,2011-12-16,Winter,2011,12,0,Friday,1,2,0.375,15.375,0.359825,17.99125,0.500417,0.260575,178,3399,3577
351,2011-12-17,Winter,2011,12,0,Saturday,0,2,0.258333,10.591652999999999,0.249371,12.46855,0.560833,0.243167,275,2464,2739
352,2011-12-18,Winter,2011,12,0,Sunday,0,1,0.238333,9.771652999999999,0.245579,12.27895,0.58625,0.169779,220,2211,2431
353,2011-12-19,Winter,2011,12,0,Monday,1,1,0.276667,11.343347,0.280933,14.04665,0.6375,0.172896,260,3143,3403
354,2011-12-20,Winter,2011,12,0,Tuesday,1,2,0.385833,15.819153,0.396454,19.822699999999998,0.595417,0.0615708,216,3534,3750
355,2011-12-21,Spring,2011,12,0,Wednesday,1,2,0.428333,17.561653,0.428017,21.40085,0.858333,0.2214,107,2553,2660
356,2011-12-22,Spring,2011,12,0,Thursday,1,2,0.423333,17.356653,0.426121,21.306050000000003,0.7575,0.047275,227,2841,3068
357,2011-12-23,Spring,2011,12,0,Friday,1,1,0.373333,15.306653,0.377513,18.87565,0.68625,0.274246,163,2046,2209
358,2011-12-24,Spring,2011,12,0,Saturday,0,1,0.3025,12.4025,0.299242,14.9621,0.5425,0.190304,155,856,1011
359,2011-12-25,Spring,2011,12,0,Sunday,0,1,0.274783,11.266103,0.279961,13.998050000000001,0.681304,0.155091,303,451,754
360,2011-12-26,Spring,2011,12,1,Monday,0,1,0.321739,13.191299,0.315535,15.77675,0.506957,0.239465,430,887,1317
361,2011-12-27,Spring,2011,12,0,Tuesday,1,2,0.325,13.325000000000001,0.327633,16.38165,0.7625,0.18845,103,1059,1162
362,2011-12-28,Spring,2011,12,0,Wednesday,1,1,0.29913,12.264330000000001,0.279974,13.9987,0.503913,0.293961,255,2047,2302
363,2011-12-29,Spring,2011,12,0,Thursday,1,1,0.248333,10.181653,0.263892,13.194600000000001,0.574167,0.119412,254,2169,2423
364,2011-12-30,Spring,2011,12,0,Friday,1,1,0.311667,12.778347000000002,0.318812,15.9406,0.636667,0.134337,491,2508,2999
365,2011-12-31,Spring,2011,12,0,Saturday,0,1,0.41,16.81,0.414121,20.70605,0.615833,0.220154,665,1820,2485
366,2012-01-01,Spring,2012,1,0,Sunday,0,1,0.37,15.17,0.375621,18.78105,0.6925,0.192167,686,1608,2294
367,2012-01-02,Spring,2012,1,1,Monday,0,1,0.273043,11.194763,0.252304,12.615199999999998,0.381304,0.329665,244,1707,1951
368,2012-01-03,Spring,2012,1,0,Tuesday,1,1,0.15,6.1499999999999995,0.126275,6.31375,0.44125,0.365671,89,2147,2236
369,2012-01-04,Spring,2012,1,0,Wednesday,1,2,0.1075,4.4075,0.119337,5.96685,0.414583,0.1847,95,2273,2368
370,2012-01-05,Spring,2012,1,0,Thursday,1,1,0.265833,10.899153,0.278412,13.9206,0.524167,0.129987,140,3132,3272
371,2012-01-06,Spring,2012,1,0,Friday,1,1,0.334167,13.700847,0.340267,17.01335,0.542083,0.167908,307,3791,4098
372,2012-01-07,Spring,2012,1,0,Saturday,0,1,0.393333,16.126653,0.390779,19.53895,0.531667,0.174758,1070,3451,4521
373,2012-01-08,Spring,2012,1,0,Sunday,0,1,0.3375,13.8375,0.340258,17.012900000000002,0.465,0.191542,599,2826,3425
374,2012-01-09,Spring,2012,1,0,Monday,1,2,0.224167,9.190847,0.247479,12.37395,0.701667,0.0989,106,2270,2376
375,2012-01-10,Spring,2012,1,0,Tuesday,1,1,0.308696,12.656536000000001,0.318826,15.9413,0.646522,0.187552,173,3425,3598
376,2012-01-11,Spring,2012,1,0,Wednesday,1,2,0.274167,11.240847,0.282821,14.14105,0.8475,0.131221,92,2085,2177
377,2012-01-12,Spring,2012,1,0,Thursday,1,2,0.3825,15.682500000000001,0.381938,19.0969,0.802917,0.180967,269,3828,4097
378,2012-01-13,Spring,2012,1,0,Friday,1,1,0.274167,11.240847,0.249362,12.4681,0.5075,0.378108,174,3040,3214
379,2012-01-14,Spring,2012,1,0,Saturday,0,1,0.18,7.38,0.183087,9.15435,0.4575,0.187183,333,2160,2493
380,2012-01-15,Spring,2012,1,0,Sunday,0,1,0.166667,6.833347000000001,0.161625,8.081249999999999,0.419167,0.251258,284,2027,2311
381,2012-01-16,Spring,2012,1,1,Monday,0,1,0.19,7.79,0.190663,9.53315,0.5225,0.231358,217,2081,2298
382,2012-01-17,Spring,2012,1,0,Tuesday,1,2,0.373043,15.294763,0.364278,18.2139,0.716087,0.34913,127,2808,2935
383,2012-01-18,Spring,2012,1,0,Wednesday,1,1,0.303333,12.436653000000002,0.275254,13.7627,0.443333,0.415429,109,3267,3376
384,2012-01-19,Spring,2012,1,0,Thursday,1,1,0.19,7.79,0.190038,9.501900000000001,0.4975,0.220158,130,3162,3292
385,2012-01-20,Spring,2012,1,0,Friday,1,2,0.2175,8.9175,0.220958,11.047899999999998,0.45,0.20275,115,3048,3163
386,2012-01-21,Spring,2012,1,0,Saturday,0,2,0.173333,7.106653,0.174875,8.74375,0.83125,0.222642,67,1234,1301
387,2012-01-22,Spring,2012,1,0,Sunday,0,2,0.1625,6.6625000000000005,0.16225,8.1125,0.79625,0.199638,196,1781,1977
388,2012-01-23,Spring,2012,1,0,Monday,1,2,0.218333,8.951653,0.243058,12.152899999999999,0.91125,0.110708,145,2287,2432
389,2012-01-24,Spring,2012,1,0,Tuesday,1,1,0.3425,14.0425,0.349108,17.455399999999997,0.835833,0.123767,439,3900,4339
390,2012-01-25,Spring,2012,1,0,Wednesday,1,1,0.294167,12.060847,0.294821,14.74105,0.64375,0.161071,467,3803,4270
391,2012-01-26,Spring,2012,1,0,Thursday,1,2,0.341667,14.008347,0.35605,17.8025,0.769583,0.0733958,244,3831,4075
392,2012-01-27,Spring,2012,1,0,Friday,1,2,0.425,17.425,0.415383,20.76915,0.74125,0.342667,269,3187,3456
393,2012-01-28,Spring,2012,1,0,Saturday,0,1,0.315833,12.949152999999999,0.326379,16.318949999999997,0.543333,0.210829,775,3248,4023
394,2012-01-29,Spring,2012,1,0,Sunday,0,1,0.2825,11.5825,0.272721,13.63605,0.31125,0.24005,558,2685,3243
395,2012-01-30,Spring,2012,1,0,Monday,1,1,0.269167,11.035847,0.262625,13.13125,0.400833,0.215792,126,3498,3624
396,2012-01-31,Spring,2012,1,0,Tuesday,1,1,0.39,15.99,0.381317,19.06585,0.416667,0.261817,324,4185,4509
397,2012-02-01,Spring,2012,2,0,Wednesday,1,1,0.469167,19.235847,0.466538,23.326900000000002,0.507917,0.189067,304,4275,4579
398,2012-02-02,Spring,2012,2,0,Thursday,1,2,0.399167,16.365847,0.398971,19.94855,0.672917,0.187187,190,3571,3761
399,2012-02-03,Spring,2012,2,0,Friday,1,1,0.313333,12.846652999999998,0.309346,15.4673,0.526667,0.178496,310,3841,4151
400,2012-02-04,Spring,2012,2,0,Saturday,0,2,0.264167,10.830846999999999,0.272725,13.63625,0.779583,0.121896,384,2448,2832
401,2012-02-05,Spring,2012,2,0,Sunday,0,2,0.265833,10.899153,0.264521,13.22605,0.687917,0.175996,318,2629,2947
402,2012-02-06,Spring,2012,2,0,Monday,1,1,0.282609,11.586969,0.296426,14.8213,0.622174,0.1538,206,3578,3784
403,2012-02-07,Spring,2012,2,0,Tuesday,1,1,0.354167,14.520847,0.361104,18.0552,0.49625,0.147379,199,4176,4375
404,2012-02-08,Spring,2012,2,0,Wednesday,1,2,0.256667,10.523347,0.266421,13.321050000000001,0.722917,0.133721,109,2693,2802
405,2012-02-09,Spring,2012,2,0,Thursday,1,1,0.265,10.865,0.261988,13.0994,0.562083,0.194037,163,3667,3830
406,2012-02-10,Spring,2012,2,0,Friday,1,2,0.280833,11.514153,0.293558,14.6779,0.54,0.116929,227,3604,3831
407,2012-02-11,Spring,2012,2,0,Saturday,0,3,0.224167,9.190847,0.210867,10.54335,0.73125,0.289796,192,1977,2169
408,2012-02-12,Spring,2012,2,0,Sunday,0,1,0.1275,5.2275,0.101658,5.0828999999999995,0.464583,0.409212,73,1456,1529
409,2012-02-13,Spring,2012,2,0,Monday,1,1,0.2225,9.1225,0.227913,11.39565,0.41125,0.167283,94,3328,3422
410,2012-02-14,Spring,2012,2,0,Tuesday,1,2,0.319167,13.085847,0.333946,16.697300000000002,0.50875,0.141179,135,3787,3922
411,2012-02-15,Spring,2012,2,0,Wednesday,1,1,0.348333,14.281653,0.351629,17.58145,0.53125,0.1816,141,4028,4169
412,2012-02-16,Spring,2012,2,0,Thursday,1,2,0.316667,12.983346999999998,0.330162,16.5081,0.752917,0.091425,74,2931,3005
413,2012-02-17,Spring,2012,2,0,Friday,1,1,0.343333,14.076653,0.351629,17.58145,0.634583,0.205846,349,3805,4154
414,2012-02-18,Spring,2012,2,0,Saturday,0,1,0.346667,14.213347,0.355425,17.77125,0.534583,0.190929,1435,2883,4318
415,2012-02-19,Spring,2012,2,0,Sunday,0,2,0.28,11.48,0.265788,13.2894,0.515833,0.253112,618,2071,2689
416,2012-02-20,Spring,2012,2,1,Monday,0,1,0.28,11.48,0.273391,13.66955,0.507826,0.229083,502,2627,3129
417,2012-02-21,Spring,2012,2,0,Tuesday,1,1,0.287826,11.800866000000001,0.295113,14.755650000000001,0.594348,0.205717,163,3614,3777
418,2012-02-22,Spring,2012,2,0,Wednesday,1,1,0.395833,16.229153,0.392667,19.63335,0.567917,0.234471,394,4379,4773
419,2012-02-23,Spring,2012,2,0,Thursday,1,1,0.454167,18.620846999999998,0.444446,22.2223,0.554583,0.190913,516,4546,5062
420,2012-02-24,Spring,2012,2,0,Friday,1,2,0.4075,16.7075,0.410971,20.54855,0.7375,0.237567,246,3241,3487
421,2012-02-25,Spring,2012,2,0,Saturday,0,1,0.290833,11.924153,0.255675,12.78375,0.395833,0.421642,317,2415,2732
422,2012-02-26,Spring,2012,2,0,Sunday,0,1,0.279167,11.445847,0.268308,13.4154,0.41,0.205229,515,2874,3389
423,2012-02-27,Spring,2012,2,0,Monday,1,1,0.366667,15.033347000000001,0.357954,17.8977,0.490833,0.268033,253,4069,4322
424,2012-02-28,Spring,2012,2,0,Tuesday,1,1,0.359167,14.725847,0.353525,17.67625,0.395833,0.193417,229,4134,4363
425,2012-02-29,Spring,2012,2,0,Wednesday,1,2,0.344348,14.118267999999999,0.34847,17.4235,0.804783,0.179117,65,1769,1834
426,2012-03-01,Spring,2012,3,0,Thursday,1,1,0.485833,19.919153,0.475371,23.768549999999998,0.615417,0.226987,325,4665,4990
427,2012-03-02,Spring,2012,3,0,Friday,1,2,0.353333,14.486653,0.359842,17.9921,0.657083,0.144904,246,2948,3194
428,2012-03-03,Spring,2012,3,0,Saturday,0,2,0.414167,16.980847,0.413492,20.6746,0.62125,0.161079,956,3110,4066
429,2012-03-04,Spring,2012,3,0,Sunday,0,1,0.325833,13.359153,0.303021,15.15105,0.403333,0.334571,710,2713,3423
430,2012-03-05,Spring,2012,3,0,Monday,1,1,0.243333,9.976652999999999,0.241171,12.05855,0.50625,0.228858,203,3130,3333
431,2012-03-06,Spring,2012,3,0,Tuesday,1,1,0.258333,10.591652999999999,0.255042,12.752099999999999,0.456667,0.200875,221,3735,3956
432,2012-03-07,Spring,2012,3,0,Wednesday,1,1,0.404167,16.570847,0.3851,19.255,0.513333,0.345779,432,4484,4916
433,2012-03-08,Spring,2012,3,0,Thursday,1,1,0.5275,21.627499999999998,0.524604,26.230199999999996,0.5675,0.441563,486,4896,5382
434,2012-03-09,Spring,2012,3,0,Friday,1,2,0.410833,16.844153,0.397083,19.85415,0.407083,0.4148,447,4122,4569
435,2012-03-10,Spring,2012,3,0,Saturday,0,1,0.2875,11.7875,0.277767,13.888349999999999,0.350417,0.22575,968,3150,4118
436,2012-03-11,Spring,2012,3,0,Sunday,0,1,0.361739,14.831299,0.35967,17.9835,0.476957,0.222587,1658,3253,4911
437,2012-03-12,Spring,2012,3,0,Monday,1,1,0.466667,19.133347,0.459592,22.9796,0.489167,0.207713,838,4460,5298
438,2012-03-13,Spring,2012,3,0,Tuesday,1,1,0.565,23.165,0.542929,27.14645,0.6175,0.23695,762,5085,5847
439,2012-03-14,Spring,2012,3,0,Wednesday,1,1,0.5725,23.4725,0.548617,27.43085,0.507083,0.115062,997,5315,6312
440,2012-03-15,Spring,2012,3,0,Thursday,1,1,0.5575,22.857499999999998,0.532825,26.64125,0.579583,0.149883,1005,5187,6192
441,2012-03-16,Spring,2012,3,0,Friday,1,2,0.435833,17.869153,0.436229,21.81145,0.842083,0.113192,548,3830,4378
442,2012-03-17,Spring,2012,3,0,Saturday,0,2,0.514167,21.080847000000002,0.505046,25.252299999999998,0.755833,0.110704,3155,4681,7836
443,2012-03-18,Spring,2012,3,0,Sunday,0,2,0.4725,19.3725,0.464,23.200000000000003,0.81,0.126883,2207,3685,5892
444,2012-03-19,Spring,2012,3,0,Monday,1,1,0.545,22.345000000000002,0.532821,26.64105,0.72875,0.162317,982,5171,6153
445,2012-03-20,Spring,2012,3,0,Tuesday,1,1,0.560833,22.994153,0.538533,26.926650000000002,0.807917,0.121271,1051,5042,6093
446,2012-03-21,Summer,2012,3,0,Wednesday,1,2,0.531667,21.798347,0.513258,25.6629,0.82125,0.0895583,1122,5108,6230
447,2012-03-22,Summer,2012,3,0,Thursday,1,1,0.554167,22.720847,0.531567,26.57835,0.83125,0.117562,1334,5537,6871
448,2012-03-23,Summer,2012,3,0,Friday,1,2,0.601667,24.668346999999997,0.570067,28.50335,0.694167,0.1163,2469,5893,8362
449,2012-03-24,Summer,2012,3,0,Saturday,0,2,0.5025,20.6025,0.486733,24.336650000000002,0.885417,0.192783,1033,2339,3372
450,2012-03-25,Summer,2012,3,0,Sunday,0,2,0.4375,17.9375,0.437488,21.874399999999998,0.880833,0.220775,1532,3464,4996
451,2012-03-26,Summer,2012,3,0,Monday,1,1,0.445833,18.279153,0.43875,21.9375,0.477917,0.386821,795,4763,5558
452,2012-03-27,Summer,2012,3,0,Tuesday,1,1,0.323333,13.256653,0.315654,15.7827,0.29,0.187192,531,4571,5102
453,2012-03-28,Summer,2012,3,0,Wednesday,1,1,0.484167,19.850847,0.47095,23.5475,0.48125,0.291671,674,5024,5698
454,2012-03-29,Summer,2012,3,0,Thursday,1,1,0.494167,20.260847000000002,0.482304,24.1152,0.439167,0.31965,834,5299,6133
455,2012-03-30,Summer,2012,3,0,Friday,1,2,0.37,15.17,0.375621,18.78105,0.580833,0.138067,796,4663,5459
456,2012-03-31,Summer,2012,3,0,Saturday,0,2,0.424167,17.390847,0.421708,21.0854,0.738333,0.250617,2301,3934,6235
457,2012-04-01,Summer,2012,4,0,Sunday,0,2,0.425833,17.459153,0.417287,20.86435,0.67625,0.172267,2347,3694,6041
458,2012-04-02,Summer,2012,4,0,Monday,1,1,0.433913,17.790433,0.427513,21.37565,0.504348,0.312139,1208,4728,5936
459,2012-04-03,Summer,2012,4,0,Tuesday,1,1,0.466667,19.133347,0.461483,23.07415,0.396667,0.100133,1348,5424,6772
460,2012-04-04,Summer,2012,4,0,Wednesday,1,1,0.541667,22.208347,0.53345,26.6725,0.469583,0.180975,1058,5378,6436
461,2012-04-05,Summer,2012,4,0,Thursday,1,1,0.435,17.835,0.431163,21.55815,0.374167,0.219529,1192,5265,6457
462,2012-04-06,Summer,2012,4,0,Friday,1,1,0.403333,16.536653,0.390767,19.538349999999998,0.377083,0.300388,1807,4653,6460
463,2012-04-07,Summer,2012,4,0,Saturday,0,1,0.4375,17.9375,0.426129,21.306449999999998,0.254167,0.274871,3252,3605,6857
464,2012-04-08,Summer,2012,4,0,Sunday,0,1,0.5,20.5,0.492425,24.62125,0.275833,0.232596,2230,2939,5169
465,2012-04-09,Summer,2012,4,0,Monday,1,1,0.489167,20.055847,0.476638,23.8319,0.3175,0.358196,905,4680,5585
466,2012-04-10,Summer,2012,4,0,Tuesday,1,1,0.446667,18.313347,0.436233,21.81165,0.435,0.249375,819,5099,5918
467,2012-04-11,Summer,2012,4,0,Wednesday,1,1,0.348696,14.296536,0.337274,16.8637,0.469565,0.295274,482,4380,4862
468,2012-04-12,Summer,2012,4,0,Thursday,1,1,0.3975,16.2975,0.387604,19.3802,0.46625,0.290429,663,4746,5409
469,2012-04-13,Summer,2012,4,0,Friday,1,1,0.4425,18.142500000000002,0.431808,21.590400000000002,0.408333,0.155471,1252,5146,6398
470,2012-04-14,Summer,2012,4,0,Saturday,0,1,0.495,20.294999999999998,0.487996,24.3998,0.502917,0.190917,2795,4665,7460
471,2012-04-15,Summer,2012,4,0,Sunday,0,1,0.606667,24.873347,0.573875,28.69375,0.507917,0.225129,2846,4286,7132
472,2012-04-16,Summer,2012,4,1,Monday,0,1,0.664167,27.230846999999997,0.614925,30.746250000000003,0.561667,0.284829,1198,5172,6370
473,2012-04-17,Summer,2012,4,0,Tuesday,1,1,0.608333,24.941653000000002,0.598487,29.92435,0.390417,0.273629,989,5702,6691
474,2012-04-18,Summer,2012,4,0,Wednesday,1,2,0.463333,18.996653,0.457038,22.8519,0.569167,0.167912,347,4020,4367
475,2012-04-19,Summer,2012,4,0,Thursday,1,1,0.498333,20.431653,0.493046,24.6523,0.6125,0.0659292,846,5719,6565
476,2012-04-20,Summer,2012,4,0,Friday,1,1,0.526667,21.593347,0.515775,25.78875,0.694583,0.149871,1340,5950,7290
477,2012-04-21,Summer,2012,4,0,Saturday,0,1,0.57,23.369999999999997,0.542921,27.14605,0.682917,0.283587,2541,4083,6624
478,2012-04-22,Summer,2012,4,0,Sunday,0,3,0.396667,16.263347,0.389504,19.4752,0.835417,0.344546,120,907,1027
479,2012-04-23,Summer,2012,4,0,Monday,1,2,0.321667,13.188346999999998,0.301125,15.056249999999999,0.766667,0.303496,195,3019,3214
480,2012-04-24,Summer,2012,4,0,Tuesday,1,1,0.413333,16.946653,0.405283,20.26415,0.454167,0.249383,518,5115,5633
481,2012-04-25,Summer,2012,4,0,Wednesday,1,1,0.476667,19.543347,0.470317,23.51585,0.427917,0.118792,655,5541,6196
482,2012-04-26,Summer,2012,4,0,Thursday,1,2,0.498333,20.431653,0.483583,24.17915,0.756667,0.176625,475,4551,5026
483,2012-04-27,Summer,2012,4,0,Friday,1,1,0.4575,18.7575,0.452637,22.63185,0.400833,0.347633,1014,5219,6233
484,2012-04-28,Summer,2012,4,0,Saturday,0,2,0.376667,15.443347,0.377504,18.8752,0.489583,0.129975,1120,3100,4220
485,2012-04-29,Summer,2012,4,0,Sunday,0,1,0.458333,18.791653,0.450121,22.50605,0.587083,0.116908,2229,4075,6304
486,2012-04-30,Summer,2012,4,0,Monday,1,2,0.464167,19.030847,0.457696,22.8848,0.57,0.171638,665,4907,5572
487,2012-05-01,Summer,2012,5,0,Tuesday,1,2,0.613333,25.146653,0.577021,28.85105,0.659583,0.156096,653,5087,5740
488,2012-05-02,Summer,2012,5,0,Wednesday,1,1,0.564167,23.130847,0.537896,26.894800000000004,0.797083,0.138058,667,5502,6169
489,2012-05-03,Summer,2012,5,0,Thursday,1,2,0.56,22.96,0.537242,26.862099999999998,0.768333,0.133696,764,5657,6421
490,2012-05-04,Summer,2012,5,0,Friday,1,1,0.6275,25.7275,0.590917,29.54585,0.735417,0.162938,1069,5227,6296
491,2012-05-05,Summer,2012,5,0,Saturday,0,2,0.621667,25.488346999999997,0.584608,29.2304,0.756667,0.152992,2496,4387,6883
492,2012-05-06,Summer,2012,5,0,Sunday,0,2,0.5625,23.0625,0.546737,27.336850000000002,0.74,0.149879,2135,4224,6359
493,2012-05-07,Summer,2012,5,0,Monday,1,2,0.5375,22.037499999999998,0.527142,26.3571,0.664167,0.230721,1008,5265,6273
494,2012-05-08,Summer,2012,5,0,Tuesday,1,2,0.581667,23.848347,0.557471,27.87355,0.685833,0.296029,738,4990,5728
495,2012-05-09,Summer,2012,5,0,Wednesday,1,2,0.575,23.575,0.553025,27.65125,0.744167,0.216412,620,4097,4717
496,2012-05-10,Summer,2012,5,0,Thursday,1,1,0.505833,20.739152999999998,0.491783,24.58915,0.552083,0.314063,1026,5546,6572
497,2012-05-11,Summer,2012,5,0,Friday,1,1,0.533333,21.866653,0.520833,26.04165,0.360417,0.236937,1319,5711,7030
498,2012-05-12,Summer,2012,5,0,Saturday,0,1,0.564167,23.130847,0.544817,27.24085,0.480417,0.123133,2622,4807,7429
499,2012-05-13,Summer,2012,5,0,Sunday,0,1,0.6125,25.1125,0.585238,29.2619,0.57625,0.225117,2172,3946,6118
500,2012-05-14,Summer,2012,5,0,Monday,1,2,0.573333,23.506653,0.5499,27.495000000000005,0.789583,0.212692,342,2501,2843
501,2012-05-15,Summer,2012,5,0,Tuesday,1,2,0.611667,25.078346999999997,0.576404,28.8202,0.794583,0.147392,625,4490,5115
502,2012-05-16,Summer,2012,5,0,Wednesday,1,1,0.636667,26.103347,0.595975,29.798750000000002,0.697917,0.122512,991,6433,7424
503,2012-05-17,Summer,2012,5,0,Thursday,1,1,0.593333,24.326653,0.572613,28.630650000000003,0.52,0.229475,1242,6142,7384
504,2012-05-18,Summer,2012,5,0,Friday,1,1,0.564167,23.130847,0.551121,27.55605,0.523333,0.136817,1521,6118,7639
505,2012-05-19,Summer,2012,5,0,Saturday,0,1,0.6,24.599999999999998,0.566908,28.345399999999998,0.45625,0.083975,3410,4884,8294
506,2012-05-20,Summer,2012,5,0,Sunday,0,1,0.620833,25.454152999999998,0.583967,29.19835,0.530417,0.254367,2704,4425,7129
507,2012-05-21,Summer,2012,5,0,Monday,1,2,0.598333,24.531653,0.565667,28.283350000000002,0.81125,0.233204,630,3729,4359
508,2012-05-22,Summer,2012,5,0,Tuesday,1,2,0.615,25.215,0.580825,29.04125,0.765833,0.118167,819,5254,6073
509,2012-05-23,Summer,2012,5,0,Wednesday,1,2,0.621667,25.488346999999997,0.584612,29.230600000000003,0.774583,0.102,766,4494,5260
510,2012-05-24,Summer,2012,5,0,Thursday,1,1,0.655,26.855,0.6067,30.335,0.716667,0.172896,1059,5711,6770
511,2012-05-25,Summer,2012,5,0,Friday,1,1,0.68,27.880000000000003,0.627529,31.37645,0.747083,0.14055,1417,5317,6734
512,2012-05-26,Summer,2012,5,0,Saturday,0,1,0.6925,28.392500000000002,0.642696,32.134800000000006,0.7325,0.198992,2855,3681,6536
513,2012-05-27,Summer,2012,5,0,Sunday,0,1,0.69,28.29,0.641425,32.07125,0.697083,0.215171,3283,3308,6591
514,2012-05-28,Summer,2012,5,1,Monday,0,1,0.7125,29.212500000000002,0.6793,33.965,0.67625,0.196521,2557,3486,6043
515,2012-05-29,Summer,2012,5,0,Tuesday,1,1,0.7225,29.622500000000002,0.672992,33.6496,0.684583,0.2954,880,4863,5743
516,2012-05-30,Summer,2012,5,0,Wednesday,1,2,0.656667,26.923347,0.611129,30.55645,0.67,0.134329,745,6110,6855
517,2012-05-31,Summer,2012,5,0,Thursday,1,1,0.68,27.880000000000003,0.631329,31.566450000000003,0.492917,0.195279,1100,6238,7338
518,2012-06-01,Summer,2012,6,0,Friday,1,2,0.654167,26.820847,0.607962,30.3981,0.755417,0.237563,533,3594,4127
519,2012-06-02,Summer,2012,6,0,Saturday,0,1,0.583333,23.916653,0.566288,28.3144,0.549167,0.186562,2795,5325,8120
520,2012-06-03,Summer,2012,6,0,Sunday,0,1,0.6025,24.7025,0.575133,28.75665,0.493333,0.184087,2494,5147,7641
521,2012-06-04,Summer,2012,6,0,Monday,1,1,0.5975,24.497500000000002,0.578283,28.91415,0.487083,0.284833,1071,5927,6998
522,2012-06-05,Summer,2012,6,0,Tuesday,1,2,0.540833,22.174153,0.525892,26.294600000000003,0.613333,0.209575,968,6033,7001
523,2012-06-06,Summer,2012,6,0,Wednesday,1,1,0.554167,22.720847,0.542292,27.1146,0.61125,0.077125,1027,6028,7055
524,2012-06-07,Summer,2012,6,0,Thursday,1,1,0.6025,24.7025,0.569442,28.4721,0.567083,0.15735,1038,6456,7494
525,2012-06-08,Summer,2012,6,0,Friday,1,1,0.649167,26.615847000000002,0.597862,29.8931,0.467917,0.175383,1488,6248,7736
526,2012-06-09,Summer,2012,6,0,Saturday,0,1,0.710833,29.144153000000003,0.648367,32.418350000000004,0.437083,0.144287,2708,4790,7498
527,2012-06-10,Summer,2012,6,0,Sunday,0,1,0.726667,29.793346999999997,0.663517,33.175850000000004,0.538333,0.133721,2224,4374,6598
528,2012-06-11,Summer,2012,6,0,Monday,1,2,0.720833,29.554153,0.659721,32.98605,0.587917,0.207713,1017,5647,6664
529,2012-06-12,Summer,2012,6,0,Tuesday,1,2,0.653333,26.786653,0.597875,29.89375,0.833333,0.214546,477,4495,4972
530,2012-06-13,Summer,2012,6,0,Wednesday,1,1,0.655833,26.889153,0.611117,30.55585,0.582083,0.343279,1173,6248,7421
531,2012-06-14,Summer,2012,6,0,Thursday,1,1,0.648333,26.581653000000003,0.624383,31.219150000000003,0.569583,0.253733,1180,6183,7363
532,2012-06-15,Summer,2012,6,0,Friday,1,1,0.639167,26.205847000000002,0.599754,29.9877,0.589583,0.176617,1563,6102,7665
533,2012-06-16,Summer,2012,6,0,Saturday,0,1,0.631667,25.898346999999998,0.594708,29.735400000000002,0.504167,0.166667,2963,4739,7702
534,2012-06-17,Summer,2012,6,0,Sunday,0,1,0.5925,24.2925,0.571975,28.59875,0.59875,0.144904,2634,4344,6978
535,2012-06-18,Summer,2012,6,0,Monday,1,2,0.568333,23.301652999999998,0.544842,27.2421,0.777917,0.174746,653,4446,5099
536,2012-06-19,Summer,2012,6,0,Tuesday,1,1,0.688333,28.221653,0.654692,32.7346,0.69,0.148017,968,5857,6825
537,2012-06-20,Summer,2012,6,0,Wednesday,1,1,0.7825,32.082499999999996,0.720975,36.04875,0.592083,0.113812,872,5339,6211
538,2012-06-21,Fall,2012,6,0,Thursday,1,1,0.805833,33.039153,0.752542,37.6271,0.567917,0.118787,778,5127,5905
539,2012-06-22,Fall,2012,6,0,Friday,1,1,0.7775,31.877499999999998,0.724121,36.20605,0.57375,0.182842,964,4859,5823
540,2012-06-23,Fall,2012,6,0,Saturday,0,1,0.731667,29.998347,0.652792,32.6396,0.534583,0.179721,2657,4801,7458
541,2012-06-24,Fall,2012,6,0,Sunday,0,1,0.743333,30.476653000000002,0.674254,33.7127,0.479167,0.145525,2551,4340,6891
542,2012-06-25,Fall,2012,6,0,Monday,1,1,0.715833,29.349153,0.654042,32.7021,0.504167,0.300383,1139,5640,6779
543,2012-06-26,Fall,2012,6,0,Tuesday,1,1,0.630833,25.864152999999998,0.594704,29.7352,0.373333,0.347642,1077,6365,7442
544,2012-06-27,Fall,2012,6,0,Wednesday,1,1,0.6975,28.5975,0.640792,32.0396,0.36,0.271775,1077,6258,7335
545,2012-06-28,Fall,2012,6,0,Thursday,1,1,0.749167,30.715847,0.675512,33.7756,0.4225,0.17165,921,5958,6879
546,2012-06-29,Fall,2012,6,0,Friday,1,1,0.834167,34.200847,0.786613,39.33065,0.48875,0.165417,829,4634,5463
547,2012-06-30,Fall,2012,6,0,Saturday,0,1,0.765,31.365000000000002,0.687508,34.3754,0.60125,0.161071,1455,4232,5687
548,2012-07-01,Fall,2012,7,0,Sunday,0,1,0.815833,33.449153,0.750629,37.53145,0.51875,0.168529,1421,4110,5531
549,2012-07-02,Fall,2012,7,0,Monday,1,1,0.781667,32.048347,0.702038,35.1019,0.447083,0.195267,904,5323,6227
550,2012-07-03,Fall,2012,7,0,Tuesday,1,1,0.780833,32.014153,0.70265,35.1325,0.492083,0.126237,1052,5608,6660
551,2012-07-04,Fall,2012,7,1,Wednesday,0,1,0.789167,32.355847,0.732337,36.61685,0.53875,0.13495,2562,4841,7403
552,2012-07-05,Fall,2012,7,0,Thursday,1,1,0.8275,33.9275,0.761367,38.06835,0.457917,0.194029,1405,4836,6241
553,2012-07-06,Fall,2012,7,0,Friday,1,1,0.828333,33.961653,0.752533,37.62665,0.450833,0.146142,1366,4841,6207
554,2012-07-07,Fall,2012,7,0,Saturday,0,1,0.861667,35.328347,0.804913,40.24565,0.492083,0.163554,1448,3392,4840
555,2012-07-08,Fall,2012,7,0,Sunday,0,1,0.8225,33.722500000000004,0.790396,39.5198,0.57375,0.125629,1203,3469,4672
556,2012-07-09,Fall,2012,7,0,Monday,1,2,0.710833,29.144153000000003,0.654054,32.7027,0.683333,0.180975,998,5571,6569
557,2012-07-10,Fall,2012,7,0,Tuesday,1,2,0.720833,29.554153,0.664796,33.2398,0.6675,0.151737,954,5336,6290
558,2012-07-11,Fall,2012,7,0,Wednesday,1,1,0.716667,29.383347,0.650271,32.51355,0.633333,0.151733,975,6289,7264
559,2012-07-12,Fall,2012,7,0,Thursday,1,1,0.715833,29.349153,0.654683,32.73415,0.529583,0.146775,1032,6414,7446
560,2012-07-13,Fall,2012,7,0,Friday,1,2,0.731667,29.998347,0.667933,33.39665,0.485833,0.08085,1511,5988,7499
561,2012-07-14,Fall,2012,7,0,Saturday,0,2,0.703333,28.836653,0.666042,33.3021,0.699167,0.143679,2355,4614,6969
562,2012-07-15,Fall,2012,7,0,Sunday,0,1,0.745833,30.579152999999998,0.705196,35.259800000000006,0.717917,0.166667,1920,4111,6031
563,2012-07-16,Fall,2012,7,0,Monday,1,1,0.763333,31.296653000000003,0.724125,36.206250000000004,0.645,0.164187,1088,5742,6830
564,2012-07-17,Fall,2012,7,0,Tuesday,1,1,0.818333,33.551653,0.755683,37.78415,0.505833,0.114429,921,5865,6786
565,2012-07-18,Fall,2012,7,0,Wednesday,1,1,0.793333,32.526652999999996,0.745583,37.27915,0.577083,0.137442,799,4914,5713
566,2012-07-19,Fall,2012,7,0,Thursday,1,1,0.77,31.57,0.714642,35.7321,0.600417,0.165429,888,5703,6591
567,2012-07-20,Fall,2012,7,0,Friday,1,2,0.665833,27.299153,0.613025,30.65125,0.844167,0.208967,747,5123,5870
568,2012-07-21,Fall,2012,7,0,Saturday,0,3,0.595833,24.429153,0.549912,27.495599999999996,0.865417,0.2133,1264,3195,4459
569,2012-07-22,Fall,2012,7,0,Sunday,0,2,0.6675,27.3675,0.623125,31.156250000000004,0.7625,0.0939208,2544,4866,7410
570,2012-07-23,Fall,2012,7,0,Monday,1,1,0.741667,30.408347,0.690017,34.50085,0.694167,0.138683,1135,5831,6966
571,2012-07-24,Fall,2012,7,0,Tuesday,1,1,0.750833,30.784153,0.70645,35.3225,0.655,0.211454,1140,6452,7592
572,2012-07-25,Fall,2012,7,0,Wednesday,1,1,0.724167,29.690847,0.654054,32.7027,0.45,0.1648,1383,6790,8173
573,2012-07-26,Fall,2012,7,0,Thursday,1,1,0.776667,31.843347,0.739263,36.96315,0.596667,0.284813,1036,5825,6861
574,2012-07-27,Fall,2012,7,0,Friday,1,1,0.781667,32.048347,0.734217,36.71085,0.594583,0.152992,1259,5645,6904
575,2012-07-28,Fall,2012,7,0,Saturday,0,1,0.755833,30.989152999999998,0.697604,34.8802,0.613333,0.15735,2234,4451,6685
576,2012-07-29,Fall,2012,7,0,Sunday,0,1,0.721667,29.588347,0.667933,33.39665,0.62375,0.170396,2153,4444,6597
577,2012-07-30,Fall,2012,7,0,Monday,1,1,0.730833,29.964153,0.684987,34.24935,0.66875,0.153617,1040,6065,7105
578,2012-07-31,Fall,2012,7,0,Tuesday,1,1,0.713333,29.246653,0.662896,33.144800000000004,0.704167,0.165425,968,6248,7216
579,2012-08-01,Fall,2012,8,0,Wednesday,1,1,0.7175,29.4175,0.667308,33.3654,0.6775,0.141179,1074,6506,7580
580,2012-08-02,Fall,2012,8,0,Thursday,1,1,0.7525,30.8525,0.707088,35.354400000000005,0.659583,0.129354,983,6278,7261
581,2012-08-03,Fall,2012,8,0,Friday,1,2,0.765833,31.399153,0.722867,36.143350000000005,0.6425,0.215792,1328,5847,7175
582,2012-08-04,Fall,2012,8,0,Saturday,0,1,0.793333,32.526652999999996,0.751267,37.56335,0.613333,0.257458,2345,4479,6824
583,2012-08-05,Fall,2012,8,0,Sunday,0,1,0.769167,31.535847,0.731079,36.55395,0.6525,0.290421,1707,3757,5464
584,2012-08-06,Fall,2012,8,0,Monday,1,2,0.7525,30.8525,0.710246,35.5123,0.654167,0.129354,1233,5780,7013
585,2012-08-07,Fall,2012,8,0,Tuesday,1,2,0.735833,30.169152999999998,0.697621,34.88105,0.70375,0.116908,1278,5995,7273
586,2012-08-08,Fall,2012,8,0,Wednesday,1,2,0.75,30.75,0.707717,35.385850000000005,0.672917,0.1107,1263,6271,7534
587,2012-08-09,Fall,2012,8,0,Thursday,1,1,0.755833,30.989152999999998,0.699508,34.9754,0.620417,0.1561,1196,6090,7286
588,2012-08-10,Fall,2012,8,0,Friday,1,2,0.715833,29.349153,0.667942,33.3971,0.715833,0.238813,1065,4721,5786
589,2012-08-11,Fall,2012,8,0,Saturday,0,2,0.6925,28.392500000000002,0.638267,31.91335,0.732917,0.206479,2247,4052,6299
590,2012-08-12,Fall,2012,8,0,Sunday,0,1,0.700833,28.734153000000003,0.644579,32.22895,0.530417,0.122512,2182,4362,6544
591,2012-08-13,Fall,2012,8,0,Monday,1,1,0.720833,29.554153,0.662254,33.112700000000004,0.545417,0.136212,1207,5676,6883
592,2012-08-14,Fall,2012,8,0,Tuesday,1,1,0.726667,29.793346999999997,0.676779,33.838950000000004,0.686667,0.169158,1128,5656,6784
593,2012-08-15,Fall,2012,8,0,Wednesday,1,1,0.706667,28.973347,0.654037,32.70185,0.619583,0.169771,1198,6149,7347
594,2012-08-16,Fall,2012,8,0,Thursday,1,1,0.719167,29.485847,0.654688,32.7344,0.519167,0.141796,1338,6267,7605
595,2012-08-17,Fall,2012,8,0,Friday,1,1,0.723333,29.656653,0.2424,12.120000000000001,0.570833,0.231354,1483,5665,7148
596,2012-08-18,Fall,2012,8,0,Saturday,0,1,0.678333,27.811653,0.618071,30.903550000000003,0.603333,0.177867,2827,5038,7865
597,2012-08-19,Fall,2012,8,0,Sunday,0,2,0.635833,26.069153,0.603554,30.1777,0.711667,0.08645,1208,3341,4549
598,2012-08-20,Fall,2012,8,0,Monday,1,2,0.635833,26.069153,0.595967,29.798350000000003,0.734167,0.129979,1026,5504,6530
599,2012-08-21,Fall,2012,8,0,Tuesday,1,1,0.649167,26.615847000000002,0.601025,30.051250000000003,0.67375,0.0727708,1081,5925,7006
600,2012-08-22,Fall,2012,8,0,Wednesday,1,1,0.6675,27.3675,0.621854,31.0927,0.677083,0.0702833,1094,6281,7375
601,2012-08-23,Fall,2012,8,0,Thursday,1,1,0.695833,28.529153,0.637008,31.8504,0.635833,0.0845958,1363,6402,7765
602,2012-08-24,Fall,2012,8,0,Friday,1,2,0.7025,28.802500000000002,0.6471,32.355000000000004,0.615,0.0721458,1325,6257,7582
603,2012-08-25,Fall,2012,8,0,Saturday,0,2,0.661667,27.128347,0.618696,30.934800000000003,0.712917,0.244408,1829,4224,6053
604,2012-08-26,Fall,2012,8,0,Sunday,0,2,0.653333,26.786653,0.595996,29.799799999999998,0.845833,0.228858,1483,3772,5255
605,2012-08-27,Fall,2012,8,0,Monday,1,1,0.703333,28.836653,0.654688,32.7344,0.730417,0.128733,989,5928,6917
606,2012-08-28,Fall,2012,8,0,Tuesday,1,1,0.728333,29.861653,0.66605,33.3025,0.62,0.190925,935,6105,7040
607,2012-08-29,Fall,2012,8,0,Wednesday,1,1,0.685,28.085,0.635733,31.786649999999998,0.552083,0.112562,1177,6520,7697
608,2012-08-30,Fall,2012,8,0,Thursday,1,1,0.706667,28.973347,0.652779,32.63895,0.590417,0.0771167,1172,6541,7713
609,2012-08-31,Fall,2012,8,0,Friday,1,1,0.764167,31.330847000000002,0.6894,34.47,0.5875,0.168533,1433,5917,7350
610,2012-09-01,Fall,2012,9,0,Saturday,0,2,0.753333,30.886653000000003,0.702654,35.1327,0.638333,0.113187,2352,3788,6140
611,2012-09-02,Fall,2012,9,0,Sunday,0,2,0.696667,28.563347,0.649,32.45,0.815,0.0640708,2613,3197,5810
612,2012-09-03,Fall,2012,9,1,Monday,0,1,0.7075,29.0075,0.661629,33.081450000000004,0.790833,0.151121,1965,4069,6034
613,2012-09-04,Fall,2012,9,0,Tuesday,1,1,0.725833,29.759152999999998,0.686888,34.3444,0.755,0.236321,867,5997,6864
614,2012-09-05,Fall,2012,9,0,Wednesday,1,1,0.736667,30.203346999999997,0.708983,35.44915,0.74125,0.187808,832,6280,7112
615,2012-09-06,Fall,2012,9,0,Thursday,1,2,0.696667,28.563347,0.655329,32.766450000000006,0.810417,0.142421,611,5592,6203
616,2012-09-07,Fall,2012,9,0,Friday,1,1,0.703333,28.836653,0.657204,32.8602,0.73625,0.171646,1045,6459,7504
617,2012-09-08,Fall,2012,9,0,Saturday,0,2,0.659167,27.025847,0.611121,30.556050000000003,0.799167,0.281104,1557,4419,5976
618,2012-09-09,Fall,2012,9,0,Sunday,0,1,0.61,25.009999999999998,0.578925,28.946250000000003,0.5475,0.224496,2570,5657,8227
619,2012-09-10,Fall,2012,9,0,Monday,1,1,0.583333,23.916653,0.565654,28.2827,0.50375,0.258713,1118,6407,7525
620,2012-09-11,Fall,2012,9,0,Tuesday,1,1,0.5775,23.677500000000002,0.554292,27.7146,0.52,0.0920542,1070,6697,7767
621,2012-09-12,Fall,2012,9,0,Wednesday,1,1,0.599167,24.565847,0.570075,28.50375,0.577083,0.131846,1050,6820,7870
622,2012-09-13,Fall,2012,9,0,Thursday,1,1,0.6125,25.1125,0.579558,28.9779,0.637083,0.0827208,1054,6750,7804
623,2012-09-14,Fall,2012,9,0,Friday,1,1,0.633333,25.966653,0.594083,29.704150000000002,0.6725,0.103863,1379,6630,8009
624,2012-09-15,Fall,2012,9,0,Saturday,0,1,0.608333,24.941653000000002,0.585867,29.29335,0.501667,0.247521,3160,5554,8714
625,2012-09-16,Fall,2012,9,0,Sunday,0,1,0.58,23.779999999999998,0.563125,28.15625,0.57,0.0901833,2166,5167,7333
626,2012-09-17,Fall,2012,9,0,Monday,1,2,0.580833,23.814153,0.55305,27.652500000000003,0.734583,0.151742,1022,5847,6869
627,2012-09-18,Fall,2012,9,0,Tuesday,1,2,0.623333,25.556653,0.565067,28.253349999999998,0.8725,0.357587,371,3702,4073
628,2012-09-19,Fall,2012,9,0,Wednesday,1,1,0.5525,22.6525,0.540404,27.0202,0.536667,0.215175,788,6803,7591
629,2012-09-20,Fall,2012,9,0,Thursday,1,1,0.546667,22.413347,0.532192,26.6096,0.618333,0.118167,939,6781,7720
630,2012-09-21,Fall,2012,9,0,Friday,1,1,0.599167,24.565847,0.571971,28.59855,0.66875,0.154229,1250,6917,8167
631,2012-09-22,Fall,2012,9,0,Saturday,0,1,0.65,26.650000000000002,0.610488,30.5244,0.646667,0.283583,2512,5883,8395
632,2012-09-23,Winter,2012,9,0,Sunday,0,1,0.529167,21.695847,0.518933,25.946649999999998,0.467083,0.223258,2454,5453,7907
633,2012-09-24,Winter,2012,9,0,Monday,1,1,0.514167,21.080847000000002,0.502513,25.12565,0.492917,0.142404,1001,6435,7436
634,2012-09-25,Winter,2012,9,0,Tuesday,1,1,0.55,22.55,0.544179,27.208949999999998,0.57,0.236321,845,6693,7538
635,2012-09-26,Winter,2012,9,0,Wednesday,1,1,0.635,26.035,0.596613,29.83065,0.630833,0.2444,787,6946,7733
636,2012-09-27,Winter,2012,9,0,Thursday,1,2,0.65,26.650000000000002,0.607975,30.398750000000003,0.690833,0.134342,751,6642,7393
637,2012-09-28,Winter,2012,9,0,Friday,1,2,0.619167,25.385847000000002,0.585863,29.29315,0.69,0.164179,1045,6370,7415
638,2012-09-29,Winter,2012,9,0,Saturday,0,1,0.5425,22.2425,0.530296,26.5148,0.542917,0.227604,2589,5966,8555
639,2012-09-30,Winter,2012,9,0,Sunday,0,1,0.526667,21.593347,0.517663,25.88315,0.583333,0.134958,2015,4874,6889
640,2012-10-01,Winter,2012,10,0,Monday,1,2,0.520833,21.354153,0.512,25.6,0.649167,0.0908042,763,6015,6778
641,2012-10-02,Winter,2012,10,0,Tuesday,1,3,0.590833,24.224153,0.542333,27.116649999999996,0.871667,0.104475,315,4324,4639
642,2012-10-03,Winter,2012,10,0,Wednesday,1,2,0.6575,26.9575,0.599133,29.95665,0.79375,0.0665458,728,6844,7572
643,2012-10-04,Winter,2012,10,0,Thursday,1,2,0.6575,26.9575,0.607975,30.398750000000003,0.722917,0.117546,891,6437,7328
644,2012-10-05,Winter,2012,10,0,Friday,1,1,0.615,25.215,0.580187,29.00935,0.6275,0.10635,1516,6640,8156
645,2012-10-06,Winter,2012,10,0,Saturday,0,1,0.554167,22.720847,0.538521,26.92605,0.664167,0.268025,3031,4934,7965
646,2012-10-07,Winter,2012,10,0,Sunday,0,2,0.415833,17.049153,0.419813,20.99065,0.708333,0.141162,781,2729,3510
647,2012-10-08,Winter,2012,10,1,Monday,0,2,0.383333,15.716652999999999,0.387608,19.3804,0.709583,0.189679,874,4604,5478
648,2012-10-09,Winter,2012,10,0,Tuesday,1,2,0.446667,18.313347,0.438112,21.9056,0.761667,0.1903,601,5791,6392
649,2012-10-10,Winter,2012,10,0,Wednesday,1,1,0.514167,21.080847000000002,0.503142,25.1571,0.630833,0.187821,780,6911,7691
650,2012-10-11,Winter,2012,10,0,Thursday,1,1,0.435,17.835,0.431167,21.55835,0.463333,0.181596,834,6736,7570
651,2012-10-12,Winter,2012,10,0,Friday,1,1,0.4375,17.9375,0.433071,21.65355,0.539167,0.235092,1060,6222,7282
652,2012-10-13,Winter,2012,10,0,Saturday,0,1,0.393333,16.126653,0.391396,19.5698,0.494583,0.146142,2252,4857,7109
653,2012-10-14,Winter,2012,10,0,Sunday,0,1,0.521667,21.388347,0.508204,25.4102,0.640417,0.278612,2080,4559,6639
654,2012-10-15,Winter,2012,10,0,Monday,1,2,0.561667,23.028347,0.53915,26.9575,0.7075,0.296037,760,5115,5875
655,2012-10-16,Winter,2012,10,0,Tuesday,1,1,0.468333,19.201653,0.460846,23.042299999999997,0.558333,0.182221,922,6612,7534
656,2012-10-17,Winter,2012,10,0,Wednesday,1,1,0.455833,18.689153,0.450108,22.5054,0.692917,0.101371,979,6482,7461
657,2012-10-18,Winter,2012,10,0,Thursday,1,2,0.5225,21.4225,0.512625,25.63125,0.728333,0.236937,1008,6501,7509
658,2012-10-19,Winter,2012,10,0,Friday,1,2,0.563333,23.096653,0.537896,26.894800000000004,0.815,0.134954,753,4671,5424
659,2012-10-20,Winter,2012,10,0,Saturday,0,1,0.484167,19.850847,0.472842,23.6421,0.572917,0.117537,2806,5284,8090
660,2012-10-21,Winter,2012,10,0,Sunday,0,1,0.464167,19.030847,0.456429,22.82145,0.51,0.166054,2132,4692,6824
661,2012-10-22,Winter,2012,10,0,Monday,1,1,0.4875,19.9875,0.482942,24.1471,0.568333,0.0814833,830,6228,7058
662,2012-10-23,Winter,2012,10,0,Tuesday,1,1,0.544167,22.310847,0.530304,26.5152,0.641667,0.0945458,841,6625,7466
663,2012-10-24,Winter,2012,10,0,Wednesday,1,1,0.5875,24.087500000000002,0.558721,27.93605,0.63625,0.0727792,795,6898,7693
664,2012-10-25,Winter,2012,10,0,Thursday,1,2,0.55,22.55,0.529688,26.4844,0.800417,0.124375,875,6484,7359
665,2012-10-26,Winter,2012,10,0,Friday,1,2,0.545833,22.379153000000002,0.52275,26.137500000000003,0.807083,0.132467,1182,6262,7444
666,2012-10-27,Winter,2012,10,0,Saturday,0,2,0.53,21.73,0.515133,25.756649999999997,0.72,0.235692,2643,5209,7852
667,2012-10-28,Winter,2012,10,0,Sunday,0,2,0.4775,19.5775,0.467771,23.38855,0.694583,0.398008,998,3461,4459
668,2012-10-29,Winter,2012,10,0,Monday,1,3,0.44,18.04,0.4394,21.97,0.88,0.3582,2,20,22
669,2012-10-30,Winter,2012,10,0,Tuesday,1,2,0.318182,13.045462,0.309909,15.49545,0.825455,0.213009,87,1009,1096
670,2012-10-31,Winter,2012,10,0,Wednesday,1,2,0.3575,14.657499999999999,0.3611,18.055,0.666667,0.166667,419,5147,5566
671,2012-11-01,Winter,2012,11,0,Thursday,1,2,0.365833,14.999153000000002,0.369942,18.4971,0.581667,0.157346,466,5520,5986
672,2012-11-02,Winter,2012,11,0,Friday,1,1,0.355,14.555,0.356042,17.802100000000003,0.522083,0.266175,618,5229,5847
673,2012-11-03,Winter,2012,11,0,Saturday,0,2,0.343333,14.076653,0.323846,16.1923,0.49125,0.270529,1029,4109,5138
674,2012-11-04,Winter,2012,11,0,Sunday,0,1,0.325833,13.359153,0.329538,16.4769,0.532917,0.179108,1201,3906,5107
675,2012-11-05,Winter,2012,11,0,Monday,1,1,0.319167,13.085847,0.308075,15.403749999999999,0.494167,0.236325,378,4881,5259
676,2012-11-06,Winter,2012,11,0,Tuesday,1,1,0.280833,11.514153,0.281567,14.07835,0.567083,0.173513,466,5220,5686
677,2012-11-07,Winter,2012,11,0,Wednesday,1,2,0.295833,12.129153,0.274621,13.73105,0.5475,0.304108,326,4709,5035
678,2012-11-08,Winter,2012,11,0,Thursday,1,1,0.352174,14.439134,0.341891,17.09455,0.333478,0.347835,340,4975,5315
679,2012-11-09,Winter,2012,11,0,Friday,1,1,0.361667,14.828347,0.355413,17.77065,0.540833,0.214558,709,5283,5992
680,2012-11-10,Winter,2012,11,0,Saturday,0,1,0.389167,15.955846999999999,0.393937,19.696849999999998,0.645417,0.0578458,2090,4446,6536
681,2012-11-11,Winter,2012,11,0,Sunday,0,1,0.420833,17.254153000000002,0.421713,21.08565,0.659167,0.1275,2290,4562,6852
682,2012-11-12,Winter,2012,11,1,Monday,0,1,0.485,19.884999999999998,0.475383,23.76915,0.741667,0.173517,1097,5172,6269
683,2012-11-13,Winter,2012,11,0,Tuesday,1,2,0.343333,14.076653,0.323225,16.16125,0.662917,0.342046,327,3767,4094
684,2012-11-14,Winter,2012,11,0,Wednesday,1,1,0.289167,11.855847,0.281563,14.07815,0.552083,0.199625,373,5122,5495
685,2012-11-15,Winter,2012,11,0,Thursday,1,2,0.321667,13.188346999999998,0.324492,16.2246,0.620417,0.152987,320,5125,5445
686,2012-11-16,Winter,2012,11,0,Friday,1,1,0.345,14.145,0.347204,17.3602,0.524583,0.171025,484,5214,5698
687,2012-11-17,Winter,2012,11,0,Saturday,0,1,0.325,13.325000000000001,0.326383,16.31915,0.545417,0.179729,1313,4316,5629
688,2012-11-18,Winter,2012,11,0,Sunday,0,1,0.3425,14.0425,0.337746,16.8873,0.692917,0.227612,922,3747,4669
689,2012-11-19,Winter,2012,11,0,Monday,1,2,0.380833,15.614152999999998,0.375621,18.78105,0.623333,0.235067,449,5050,5499
690,2012-11-20,Winter,2012,11,0,Tuesday,1,2,0.374167,15.340847000000002,0.380667,19.03335,0.685,0.082725,534,5100,5634
691,2012-11-21,Winter,2012,11,0,Wednesday,1,1,0.353333,14.486653,0.364892,18.2446,0.61375,0.103246,615,4531,5146
692,2012-11-22,Winter,2012,11,1,Thursday,0,1,0.34,13.940000000000001,0.350371,17.518549999999998,0.580417,0.0528708,955,1470,2425
693,2012-11-23,Winter,2012,11,0,Friday,1,1,0.368333,15.101653,0.378779,18.93895,0.56875,0.148021,1603,2307,3910
694,2012-11-24,Winter,2012,11,0,Saturday,0,1,0.278333,11.411653,0.248742,12.4371,0.404583,0.376871,532,1745,2277
695,2012-11-25,Winter,2012,11,0,Sunday,0,1,0.245833,10.079153,0.257583,12.879150000000001,0.468333,0.1505,309,2115,2424
696,2012-11-26,Winter,2012,11,0,Monday,1,1,0.313333,12.846652999999998,0.339004,16.950200000000002,0.535417,0.04665,337,4750,5087
697,2012-11-27,Winter,2012,11,0,Tuesday,1,2,0.291667,11.958347,0.281558,14.0779,0.786667,0.237562,123,3836,3959
698,2012-11-28,Winter,2012,11,0,Wednesday,1,1,0.296667,12.163347,0.289762,14.488100000000001,0.50625,0.210821,198,5062,5260
699,2012-11-29,Winter,2012,11,0,Thursday,1,1,0.28087,11.51567,0.298422,14.921100000000001,0.555652,0.115522,243,5080,5323
700,2012-11-30,Winter,2012,11,0,Friday,1,1,0.298333,12.231653000000001,0.323867,16.193350000000002,0.649583,0.0584708,362,5306,5668
701,2012-12-01,Winter,2012,12,0,Saturday,0,2,0.298333,12.231653000000001,0.316904,15.8452,0.806667,0.0597042,951,4240,5191
702,2012-12-02,Winter,2012,12,0,Sunday,0,2,0.3475,14.247499999999999,0.359208,17.9604,0.823333,0.124379,892,3757,4649
703,2012-12-03,Winter,2012,12,0,Monday,1,1,0.4525,18.552500000000002,0.455796,22.7898,0.7675,0.0827208,555,5679,6234
704,2012-12-04,Winter,2012,12,0,Tuesday,1,1,0.475833,19.509153,0.469054,23.4527,0.73375,0.174129,551,6055,6606
705,2012-12-05,Winter,2012,12,0,Wednesday,1,1,0.438333,17.971653,0.428012,21.4006,0.485,0.324021,331,5398,5729
706,2012-12-06,Winter,2012,12,0,Thursday,1,1,0.255833,10.489152999999998,0.258204,12.9102,0.50875,0.174754,340,5035,5375
707,2012-12-07,Winter,2012,12,0,Friday,1,2,0.320833,13.154152999999999,0.321958,16.097900000000003,0.764167,0.1306,349,4659,5008
708,2012-12-08,Winter,2012,12,0,Saturday,0,2,0.381667,15.648347,0.389508,19.4754,0.91125,0.101379,1153,4429,5582
709,2012-12-09,Winter,2012,12,0,Sunday,0,2,0.384167,15.750846999999998,0.390146,19.5073,0.905417,0.157975,441,2787,3228
710,2012-12-10,Winter,2012,12,0,Monday,1,2,0.435833,17.869153,0.435575,21.77875,0.925,0.190308,329,4841,5170
711,2012-12-11,Winter,2012,12,0,Tuesday,1,2,0.353333,14.486653,0.338363,16.91815,0.596667,0.296037,282,5219,5501
712,2012-12-12,Winter,2012,12,0,Wednesday,1,2,0.2975,12.1975,0.297338,14.8669,0.538333,0.162937,310,5009,5319
713,2012-12-13,Winter,2012,12,0,Thursday,1,1,0.295833,12.129153,0.294188,14.7094,0.485833,0.174129,425,5107,5532
714,2012-12-14,Winter,2012,12,0,Friday,1,1,0.281667,11.548347,0.294192,14.7096,0.642917,0.131229,429,5182,5611
715,2012-12-15,Winter,2012,12,0,Saturday,0,1,0.324167,13.290847,0.338383,16.91915,0.650417,0.10635,767,4280,5047
716,2012-12-16,Winter,2012,12,0,Sunday,0,2,0.3625,14.862499999999999,0.369938,18.4969,0.83875,0.100742,538,3248,3786
717,2012-12-17,Winter,2012,12,0,Monday,1,2,0.393333,16.126653,0.4015,20.075000000000003,0.907083,0.0982583,212,4373,4585
718,2012-12-18,Winter,2012,12,0,Tuesday,1,1,0.410833,16.844153,0.409708,20.485400000000002,0.66625,0.221404,433,5124,5557
719,2012-12-19,Winter,2012,12,0,Wednesday,1,1,0.3325,13.6325,0.342162,17.1081,0.625417,0.184092,333,4934,5267
720,2012-12-20,Winter,2012,12,0,Thursday,1,2,0.33,13.530000000000001,0.335217,16.760849999999998,0.667917,0.132463,314,3814,4128
721,2012-12-21,Spring,2012,12,0,Friday,1,2,0.326667,13.393346999999999,0.301767,15.08835,0.556667,0.374383,221,3402,3623
722,2012-12-22,Spring,2012,12,0,Saturday,0,1,0.265833,10.899153,0.236113,11.80565,0.44125,0.407346,205,1544,1749
723,2012-12-23,Spring,2012,12,0,Sunday,0,1,0.245833,10.079153,0.259471,12.97355,0.515417,0.133083,408,1379,1787
724,2012-12-24,Spring,2012,12,0,Monday,1,2,0.231304,9.483464,0.2589,12.945,0.791304,0.0772304,174,746,920
725,2012-12-25,Spring,2012,12,1,Tuesday,0,2,0.291304,11.943464,0.294465,14.723249999999998,0.734783,0.168726,440,573,1013
726,2012-12-26,Spring,2012,12,0,Wednesday,1,3,0.243333,9.976652999999999,0.220333,11.01665,0.823333,0.316546,9,432,441
727,2012-12-27,Spring,2012,12,0,Thursday,1,2,0.254167,10.420846999999998,0.226642,11.3321,0.652917,0.350133,247,1867,2114
728,2012-12-28,Spring,2012,12,0,Friday,1,2,0.253333,10.386652999999999,0.255046,12.7523,0.59,0.155471,644,2451,3095
729,2012-12-29,Spring,2012,12,0,Saturday,0,2,0.253333,10.386652999999999,0.2424,12.120000000000001,0.752917,0.124383,159,1182,1341
730,2012-12-30,Spring,2012,12,0,Sunday,0,1,0.255833,10.489152999999998,0.2317,11.584999999999999,0.483333,0.350754,364,1432,1796
731,2012-12-31,Spring,2012,12,0,Monday,1,2,0.215833,8.849153,0.223487,11.17435,0.5775,0.154846,439,2290,2729
